Year,Quarter,1. Net profit/(loss) before tax,2. Accumulated depreciation,3. Provisions,4. Unrealised foreign exchange gain/loss,5. (Profit)/loss from liquidation of fixed assets,6. Profits/losses from investments,7. Interest expense,8. Interest income and dividend,9. Operating profit/(loss) before changes in WC,10. (Increase)/decrease in receivables,11. (Increase)/decrease in inventories,12. Increase/(decrease) in payables,13. (Increase)/decrease in prepaid expenses,14. Interest paid,15. Business Income Tax Paid,16. Other receipts from operating activities,17. Cash for other business activities,Net cash inflows(outflows) from operating activities,1. Purchases of fixed assets and other long term assets,2. Proceeds from disposal of fixed assets,"3. Loans granted, purchases of debt instruments","4. Collection of loans, proceeds from sales of debts instruments",5. Investments in other entities,6. Proceeds from divestment in other entities,7. Dividends and interest received,Net cash inflows/(outflows) from investing activities,1. Proceeds from issue of shares,2. Payments for share returns and repurchases,3. Proceeds from borrowings,4. Repayment of borrowings,5. Finance lease principal payments,6. Dividends paid,7. Interest received,Net cash inflows/(outflows) from financing activities,Net increase in cash and cash equivalents,Cash and cash equivalents at the beginning period,Effect of foreign exchange differences,Cash and cash equivalents at the end of period
2010,2,37593734611,137585696052,18711276800,32312646235,0,-3507502560,59789839075,0,282485690213,-177323011179,-9860355438,115857754493,-1973684542,-70594452553,-2199079523,0,-2979018850,133413842621,-761359091,0,0,0,0,0,3324835178,2563476087,0,94736550000,0,-305592095734,0,-12312424000,0,-223167969734,-87190651026,123775334942,45792864,36630476780
2012,1,12957103702,64165100253,-208266600,0,0,-4753296885,25850324377,0,98010964847,8281490159,-653621869,9318906639,26274754593,-40421820232,-4170384533,0,-3117494350,93522795254,0,204613500,0,0,0,0,4580141898,4784755398,0,0,0,-85578086400,0,-30099000,0,-85608185400,12699365252,207627762898,-30574769,220296553381
2012,2,22076716051,64143952789,924489200,0,0,-5675112667,27021645502,0,108491690875,-9178829364,-7397439099,34880454090,12108506273,-15515032039,1141588273,0,-457256250,124073682759,-1086345455,0,0,0,0,0,5530112667,4443767212,0,0,0,-83598155892,0,-47093639800,0,-130691795692,-2174345721,220296553381,-92379173,218029828487
2012,3,14260729052,64168279976,108360078,0,0,-3288880773,22781173042,0,98029661375,-10056111379,2196720458,25154620326,54555407,-35742929309,-2310322554,0,-1026967250,76299227074,-66190000,0,0,0,0,0,3288880773,3222690773,0,0,0,-111689920892,0,-31267800,0,-111721188692,-32199270845,218029828487,88565249,185919122891
2012,4,3580802787,64107653743,-2022988200,-856480287,0,-3577732055,23900976238,0,85132232226,-12644435287,1660417041,10722538730,-91734485,-12291803417,-1498091768,0,-584480000,70404643040,-129500000,0,0,0,0,0,3577732055,3448232055,0,0,0,-57486321400,0,-39788600,0,-57526110000,16326765095,185919122891,-4544996,202241342990
2013,3,11051827591,64009539540,471281300,-3858476437,0,-1385162294,16907321483,0,87196331183,-3111443546,13700512742,-15143548210,-147626484,-26039714266,-4749934406,0,-419899250,51284677763,0,0,0,0,0,0,1265938476,1265938476,0,0,0,-85524672000,0,-28863900,0,-85553535900,-33002919661,137979990126,-47682150,104929388315
2013,4,28165227934,64007346094,-13778450,-801628819,0,-923129865,16087729109,0,106521766003,18441461908,4272174196,-50713977774,-143250864,-10147806891,-2804271416,0,-1336287000,64089808162,0,0,0,0,0,0,923129865,923129865,0,0,0,-83545977285,0,-10837125,0,-83556814410,-18543876383,104929388315,36552311,86422064243
2014,1,4834019665,63753956681,-1737827761,27887899,0,653496066,14977686503,0,82509219053,-14595842768,3134036276,1314716087,194363130,-22213263606,-8085914495,0,-4174672800,38082640877,0,0,0,0,0,1238847000,805899845,2044746845,0,0,0,-44490315504,0,-2070000,0,-44492385504,-4364997782,86422064243,1661642,82058728103
2014,2,22192085384,64021097891,114494338,9821935188,0,-7774682414,14462851519,0,102837781906,8052731041,357429430,6021762184,-109554575,-8770668898,-1049752691,0,-768207000,106571521397,0,7719999206,0,0,0,160231293,549593188,8429823687,0,0,0,-84725741900,0,-23080082715,0,-107805824615,7195520469,82058728103,176215770,89430464342
2014,3,23765718360,66624930405,0,-5068982966,0,-458589046,14438768603,0,99301845356,44624731248,-5649093678,7444022452,-33661528,-20047145404,-4103262241,0,-967324750,120570111455,-164752990082,0,0,0,0,0,458589046,-164294401036,0,0,112243590800,-48056012080,0,-49696500,0,64137882220,20413592639,89430464342,-142831609,109701225372
2014,4,16785144558,67549437321,-176571140,6216118357,0,-603804863,13860299008,0,103630623241,-8843164131,86042663,-27740886239,-1379267460,-7061898818,-4874721345,0,-1906815000,51909912911,0,0,0,0,0,0,603804863,603804863,0,0,0,-88297848455,0,-49377400,0,-88347225855,-35833508081,109701225372,24672919,73892390210
2015,1,15548457596,67443812336,0,6460344357,0,-8686631646,11502606701,0,92268589344,830156611,5015618203,-19263904385,2131719657,-18519620257,-3888938837,0,-5075138250,53498482086,-818742163,8150016090,0,0,0,7000000000,11560421160,25891695087,0,0,0,-48569023763,0,-23910843475,0,-72479867238,6910309935,73892390210,833430,80803533575
2015,2,18707332947,70470185921,88013312,9838010440,0,-12400433283,11532617749,0,98235727086,-24960889818,-2786467791,29348279549,-1710162261,-6624511771,-2622177770,0,-1420540250,87459256974,-181044886269,12560495734,0,0,0,199500000,-11183368055,-179468258590,0,0,122557050000,-89486222201,0,803232700,0,33874060499,-58134941117,80803533575,47123129,22715715587
2015,3,4844947128,71368486629,0,24251033313,0,487673468,11482774053,0,112434914591,532122647,-947550304,19506447933,-467801875,-12791799653,-5738834434,5000000,-686945750,111845553155,103664388,-784509730,0,0,0,0,96836262,-584009080,0,0,0,-52580382756,0,-7723846835,0,-60304229591,50957314484,22715715587,114246310,73787276381
2015,4,33331561037,71437251206,-721915830,-5107933150,0,-490676792,10134610492,0,108582896963,64864841222,837945596,-31734497994,325411589,-16331877738,2036127918,0,-3427989470,125152858086,-2397199000,0,0,0,0,-199500000,690176792,-1906522208,0,0,0,-125732460329,0,-157658165,0,-125890118494,-2643782616,73787276381,-883075,71142610690
2016,1,40012916182,71525172971,12862818561,-6590236171,0,-398873693,8330829449,0,125742627299,-15074448204,3327390823,-43209359312,140258776,-7648915371,-8500656572,0,-2435000000,52341897439,-1680031090,0,0,0,0,0,398873693,-1281157397,0,0,0,-21297411900,0,-15780000,0,-21313191900,29747548142,71142610690,-28290401,100861868431
2016,2,28853933524,71497916062,8958190880,1337930323,0,-364607209,7863850835,0,118147214415,3816326912,-2261031606,12671880410,-218096932,-5300778023,-20080232174,0,-469930750,106305352252,-244721999,0,0,0,0,0,364607209,119885210,0,0,0,-97127639400,0,-18517705600,0,-115645345000,-9220107538,100861868431,1761125,91643522018
2016,3,27387768605,76410030986,19895301567,393370068,0,-339283441,8456632165,0,132203819950,58005583821,-3150756478,-30624276035,308798772,-10535331887,-7945365236,0,-852765000,137409707907,-445407814587,67709091,0,0,0,0,271574350,-445068531146,0,0,341567226000,-54699623476,0,-20762603500,0,266104999024,-41553824215,91643522018,-8215777,50081482026
2016,4,19371465716,82823171830,7125986377,9868553517,0,-396217614,12907190809,0,131700150635,-6690074869,-13535333655,41188274034,-324799046,-9752697596,-4807800456,0,-1726895000,136050824047,-3764612846,328818182,0,0,0,0,67399432,-3368395232,0,0,-31051566000,-102087098916,0,-20160000,0,-133158824916,-476396101,50081482026,29474716,49634560641
2017,1,27186917327,82694113287,21286846471,26378702,0,-112543679,10167939191,0,141249651299,-76213422684,3283418638,39640615354,96482561,-14228512559,-8188879494,0,-921865000,84717488115,-40909100,0,0,0,0,0,112543679,71634579,0,0,0,-101592971068,0,-42520000,0,-101635491068,-16846368374,48634560641,-153432,31788038835
2017,2,29570692551,82694113287,13602957460,-225874274,0,-334081616,9575338080,0,134883145488,10048316568,64806218,-18257443826,-502817493,-7277427092,-4594123688,0,-1011000000,113353456175,-164039798453,0,0,0,0,0,334081616,-163705716837,0,0,114073120000,-29371047378,0,-28541326255,0,56160746367,5808485705,31788038835,-16181165,37580343375
2017,3,36289952469,85919479839,16441912344,-123905149,0,-73105735,10854613197,0,149308946965,3517080118,-6884608939,-30101890665,-60193727,-12302945357,-3852612738,0,-816290000,98807485657,-18477331632,0,0,0,0,0,73105735,-18404225897,0,0,0,-66342456402,0,-82469000,0,-66424925402,13978334358,37580343375,-1497866,51557179867
2017,4,26286396408,85870740068,6381979206,-382400226,0,-1529673982,10842741972,0,127469783446,64705661031,-1747420979,-76236673007,240917991,-9603721682,-5243819692,0,-1377460000,98207267108,-18779097004,0,0,0,0,0,1529673982,-17249423022,0,0,0,-28281718382,0,-34316810760,0,-62598529142,18359314944,51557179867,-8159274,69908335537
2018,1,33808182164,85855381704,13560544489,1186991847,0,-90516373,10047642994,0,144368226825,-11056967302,2138931745,6005256132,55767723,-12039299621,-14323839233,0,-2788250000,112359826269,-210728727,0,0,0,0,0,90516373,-120212354,0,0,10364406069,-58812202214,0,-55330000,0,-48503126145,63736487770,69908335537,30798104,133675621411
2018,2,33205252790,85855381704,14492710660,2288834348,0,-1966147788,9648378530,0,143524410244,-34713219351,-3221722621,18695463062,-100692150,-8552436278,-146918048,0,-578000000,114906884858,-8567024911,0,0,0,0,0,1966147788,-6600877123,0,0,14945620578,-28958429518,0,-33419399300,0,-47432208240,60873799495,133675621411,19840738,194569261644
2018,3,25734385409,81802123655,9573963263,3997545048,0,-983220703,9613542354,0,129738339026,37687265172,-7702841338,-28659636155,295660256,-10872505425,-8773944694,0,-1378000000,110334336842,-10384648864,0,0,0,0,0,983220703,-9401428161,0,0,11556126050,-60939014220,0,-37427256100,0,-86810144270,14122764411,194569261644,-10122051,208681904004
2018,4,33417360545,72636791399,14890540076,-2492901455,0,-1842101366,8728426038,0,125338115237,-18017001396,5544525151,-17611335523,751635422,-8981155301,-5771085129,0,-3664235000,77589463461,-14378645673,1818182,0,0,0,0,1840283184,-12536544307,0,0,11447861281,-67158132934,0,-22795000,0,-55733066653,9319852501,208681904004,-15324224,217986432281
2019,1,28905096583,61739194624,25056840051,201634105,0,-3105077168,7910439735,0,120708127930,-52572245977,-4019004766,-26608229630,-35202274,-8130043365,-13450935792,36400000,-1316005000,14612861126,-4875266490,0,0,0,0,0,2745002167,-2130264323,0,0,13374279096,-26982993598,0,-27210000,0,-13635924502,-1153327699,217986432281,-136186756,216696917826
2019,2,31560274953,60577788437,17480952381,1648443883,0,-161924013,9529280923,0,120634816564,10842416056,-11368547363,-17902368095,-154214816,-9092162197,-3986551760,0,-2142643250,86830745139,-222499836969,0,0,0,0,0,521999014,-221977837955,0,0,149390061262,-32012422879,0,-70698613300,0,46679025083,-88468067733,216696917826,97519853,128326369946
2019,3,26211781503,60572076516,15655411255,-1460405084,0,-783087511,9718616027,0,109914392706,-26886859144,-206910860,72944252076,63925759,-10232681614,-5528871655,0,-1039680000,139027567268,-13131522998,0,0,0,0,0,783087511,-12348435487,0,0,10368678302,-42147498264,0,-126542600,0,-31905362562,94773769219,128326369946,19887527,223120026692
2019,4,40790330460,60673681482,-2270841588,-496924779,0,-2257294336,9264982225,0,105703933464,-29513544837,-21137501153,40548409935,-5762838761,-9377163950,-9627809227,0,-1934605000,68898880471,-11830364192,414711455,0,0,0,0,1842582881,-9573069856,0,0,15598331804,-33180192638,0,-39871400,0,-17621732234,41704078381,223120026692,4556161,264828661234
2020,1,10777343115,60729156392,16180919916,5355823861,0,-3223939074,8909160467,0,98728464677,-28902747462,3982367550,-72447712597,-188022272,-9064506850,-19492065431,0,-3994055000,-31378277385,-25257419290,0,0,0,0,0,3223939074,-22033480216,0,0,10081261692,-38421142937,0,-33265000,0,-28373146245,-81784903846,264828661234,-14306900,183029450488
2020,2,14262195971,60710162301,27074134750,-4509786446,0,-1594370094,8255397441,0,104197733923,63227537756,9788414011,-37712247985,2121894118,-8374570679,-257560161,0,-2605555000,130385645983,-33550517,0,0,0,0,0,1594370094,1560819577,0,0,0,-32904676736,0,-12190000,0,-32916866736,99029598824,183029450488,-47194693,282011854619
2020,3,19863639536,61505789331,16469552731,-423588678,0,-2518313190,7576982760,0,102474062490,-38979386444,9173575033,46947938953,-8062931155,-7778906422,-1989675502,0,-1596145000,100188531953,-913804104,0,0,0,0,0,2518313190,1604509086,0,0,0,-30466787331,0,-70765731700,0,-101232519031,560522008,282011854619,37012223,282609388850
