Year,Quarter,1. Net profit/(loss) before tax,2. Accumulated depreciation,3. Provisions,4. Unrealised foreign exchange gain/loss,5. (Profit)/loss from liquidation of fixed assets,6. Profits/losses from investments,7. Interest expense,8. Interest income and dividend,9. Operating profit/(loss) before changes in WC,10. (Increase)/decrease in receivables,11. (Increase)/decrease in inventories,12. Increase/(decrease) in payables,13. (Increase)/decrease in prepaid expenses,14. Interest paid,15. Business Income Tax Paid,16. Other receipts from operating activities,17. Cash for other business activities,Net cash inflows(outflows) from operating activities,1. Purchases of fixed assets and other long term assets,2. Proceeds from disposal of fixed assets,"3. Loans granted, purchases of debt instruments","4. Collection of loans, proceeds from sales of debts instruments",5. Investments in other entities,6. Proceeds from divestment in other entities,7. Dividends and interest received,Net cash inflows/(outflows) from investing activities,1. Proceeds from issue of shares,2. Payments for share returns and repurchases,3. Proceeds from borrowings,4. Repayment of borrowings,5. Finance lease principal payments,6. Dividends paid,7. Interest received,Net cash inflows/(outflows) from financing activities,Net increase in cash and cash equivalents,Cash and cash equivalents at the beginning period,Effect of foreign exchange differences,Cash and cash equivalents at the end of period
2016,3,3884021020,1144382782,0,0,0,-3948636,657186428,0,5681601594,-1204395215,-2061238267,-998505072,879740464,-657186428,-2678705515,0,0,-1038688439,-6274398370,0,-965000000,0,0,0,3948636,-7235449734,0,0,22370380704,-19929041718,-84200000,-12198000,0,2344940986,-5929197187,31237943138,0,25308745951
2016,4,7532862235,1205458400,0,0,0,-111632790,797687945,0,9424375790,9443272238,561396708,13258966432,202884931,-797687945,173441405,0,0,32266649559,-647652402,0,0,1072347792,0,10155000000,111632790,10691328180,2500000000,0,19632473862,-25106381348,-150286664,0,0,-3124194150,39833783589,25308745951,0,65142529540
2017,1,2146088490,1399404054,0,0,0,-14021604,231269151,0,3762740091,-12446045981,-13921645814,-5766603263,-955435900,-231269151,-4379025031,0,0,-33937285049,-4184910259,0,-2981036000,0,0,0,14021604,-7151924655,0,0,22347862353,-33063147711,-320500000,0,0,-11035785358,-52124995062,65142315919,0,13017320857
2017,2,2576974048,1545338537,38576123,0,0,67145139,535903899,0,4763937746,3061963335,-15087145922,3477344100,-1542633845,-535903899,-271729776,0,0,-6134168261,-4839756817,15454545,940000000,550000000,0,0,39101931,-3295200341,0,0,25622402842,-3218863664,-389800000,0,0,22013739178,12584370576,13017320857,0,25601691433
2017,3,5255380604,1796138620,0,0,0,-114118957,774570315,0,7711970582,-11024345602,5541172858,-8778599604,1756464276,-774570315,-100000000,0,0,-5667907805,-3908879476,0,-1209301190,-550000000,0,0,7871887,-5660308779,0,0,25502621778,-22399396014,-454523600,0,0,2648702164,-8679514420,25601691433,0,16922177013
2017,4,12062462791,1798391436,0,0,0,-51706158,737749121,0,14546897190,2794205158,13606739080,16730928050,-679034978,-737749121,-52952431,0,0,46209032948,-7409858406,51545455,-1225225810,0,0,19000000000,51706158,10468167397,2500000000,0,23916057077,-23448209427,-508246800,0,0,2459600850,59136801195,16922177013,0,76058978208
2018,1,3021383326,1861436102,0,0,0,-6030209,708811993,0,5585601212,-12765146220,-10602016586,-14278434082,-2252324013,-708811993,0,0,0,-35021131682,-12256390834,0,-250000000,0,0,0,6030209,-12500360625,5000000000,0,32705794994,-31001554864,-674054982,-13800000000,0,-7769814852,-55291307159,76059073951,0,20767766792
2018,2,2225872153,2303271913,0,0,0,-5653393,908864425,0,5427086326,-1689959976,9249224077,1145222999,766327629,-908864425,-1400000000,0,0,12589036630,-6503536421,0,0,0,0,0,5653393,-6497883028,0,0,27468386201,-19840554867,-422686800,104768489,0,7309913023,13401066625,20767766792,0,34168833417
2018,3,2700497607,1126231151,0,0,0,-932802,964459325,0,4795524053,-3878443251,-16217695526,21120724459,627084754,-964459325,-1373996205,0,0,4108738959,-16220932138,0,400000000,0,0,0,932802,-15819999336,0,0,31482813884,-32918392017,-422686800,-104768489,0,-1963033422,-13674293799,34168833417,0,20494539618
2018,4,13408165635,4621966099,0,0,0,-5209826,963762893,0,18988684801,25813292853,16023119051,10545035964,-970366461,-963762893,0,0,0,69436003315,-233182146,0,-1250000000,0,0,0,5209826,-1477972320,0,0,39022604888,-31186490522,-423829322,0,0,7412285044,75370316039,20494539618,0,95864855657
2019,1,5109393008,3363122851,0,0,0,-3860425,891588077,0,9360243511,-19540590668,-13489345415,-32312194666,-2976555320,-891588077,0,0,0,-59850030635,-17935174269,0,0,0,0,0,3860425,-17931313844,0,0,48269146503,-43770271250,-367983787,0,0,4130891466,-73650453013,95853999012,0,22203545999
2019,2,3693089754,3798185401,267130418,0,0,93929536,1267747729,0,9120082838,1270563604,-5512640857,21773650326,1145392986,-1267747729,-3190132255,0,0,23339168913,-3487891620,735935683,0,0,0,0,7858684,-2744097253,0,0,40404043679,-28512124484,-573812192,-724825360,0,10593281643,31188353303,22203545999,0,53391899302
2019,3,4099504867,4176583695,-267130418,0,0,-103924182,1520529364,0,9397298284,-10596939545,1952151656,-11173815452,-5489780206,-1520529364,-518197818,0,0,-17949812445,-13770338294,-735935683,0,0,0,0,2135962,-14504138015,0,0,50732574216,-49835685136,-283648464,724825360,0,1338065976,-31115884484,53391899302,0,22276014818
2019,4,10428818798,4796616840,0,0,0,-5330438,1434038627,0,16654143827,-2936929592,16319215054,29658093033,8424094092,-1434038627,7403463,0,0,66691981250,-20159374564,0,0,0,-28800000000,0,5330438,-48954044126,5000000000,0,44626008999,-33091187615,-235103435,0,0,16299717949,34037655073,22276014818,0,56313669891
2020,1,3632821974,4768041436,0,0,0,-3215966,1521661965,0,9919309409,-12904762434,-9880801474,1263442327,-739214181,-1521661965,-84984022,0,0,-13948672340,-33203123394,0,0,0,0,0,3215966,-33199907428,0,0,47452604207,-42770739491,-173686801,0,0,4508177915,-42640401853,57658622515,0,15018220662
2020,2,-13933384107,4939248139,0,0,0,-1085114,1837331084,0,-7157889998,11526419872,-2314626059,11742008668,4129410427,-1837331084,-481736119,0,0,15606255707,-7153028368,0,0,0,0,0,1085114,-7151943254,0,0,45624629375,-41189119620,-152320000,-745184815,0,3538004940,11992317393,15018220662,0,27010538055
2020,3,16767043316,5729296415,-2047589524,0,0,47665325,1716286785,0,22212702317,13353709535,4586470564,-3965667458,-759188727,-1716286785,-2846614989,0,0,30865124457,-10291209360,-626069273,400000000,0,0,0,-4171071241,-14688349874,0,0,38435800487,-44748879100,-792818409,-1,0,-7105897023,9070877560,27010538055,0,36081415615
