Year,Quarter,1. Net profit/(loss) before tax,2. Accumulated depreciation,3. Provisions,4. Unrealised foreign exchange gain/loss,5. (Profit)/loss from liquidation of fixed assets,6. Profits/losses from investments,7. Interest expense,8. Interest income and dividend,9. Operating profit/(loss) before changes in WC,10. (Increase)/decrease in receivables,11. (Increase)/decrease in inventories,12. Increase/(decrease) in payables,13. (Increase)/decrease in prepaid expenses,14. Interest paid,15. Business Income Tax Paid,16. Other receipts from operating activities,17. Cash for other business activities,Net cash inflows(outflows) from operating activities,1. Purchases of fixed assets and other long term assets,2. Proceeds from disposal of fixed assets,"3. Loans granted, purchases of debt instruments","4. Collection of loans, proceeds from sales of debts instruments",5. Investments in other entities,6. Proceeds from divestment in other entities,7. Dividends and interest received,Net cash inflows/(outflows) from investing activities,1. Proceeds from issue of shares,2. Payments for share returns and repurchases,3. Proceeds from borrowings,4. Repayment of borrowings,5. Finance lease principal payments,6. Dividends paid,7. Interest received,Net cash inflows/(outflows) from financing activities,Net increase in cash and cash equivalents,Cash and cash equivalents at the beginning period,Effect of foreign exchange differences,Cash and cash equivalents at the end of period
2010,1,7401048476,1814866833,0,0,0,0,1564943443,0,10780858752,20358166848,-29553871159,17020474367,0,-1564943443,-897150116,0,-1209246034,14934289215,-270320000,0,0,0,0,0,63046713,-207273287,0,0,27121671881,-30973405515,0,-3514868000,0,-7366601634,7360414294,11997006210,0,19357420504
2010,2,16046769192,3664637718,18017748,-15213122,0,-145246733,2821800348,0,22390765151,-3569303494,-27924794229,-15330918743,-149763632,-2821800348,-1579410316,0,-2442514826,-31427740437,-451897272,0,-1000000000,1052000000,-4000000000,0,123246733,-4276650539,0,0,89793774810,-65324940387,0,-6434232000,0,18034602423,-17669788553,25450259164,190692353,7971162964
2010,3,27004543455,5635458390,-95446819,0,0,-993037500,4313296148,0,35864813674,-28506337067,13902949488,8083050209,318299522,-4313296148,-1579410316,0,-2846598274,20923471088,-3798837501,0,0,90000000,-4000000000,0,247903210,-7460934291,63901940,0,106331735664,-109324897077,0,-11764690000,0,-14693949473,-1231412676,25450259164,0,24218846488
2010,4,40712267902,8732788000,77206242,0,0,0,4572533659,0,54094795803,-63355284272,-28021339535,70853430088,0,-4572533659,-3475067395,0,-3116978506,22407022524,-24504447471,1818182,0,90000000,-4000000000,0,518777405,-27893851884,63901940,0,163472158314,-150032966395,0,-11764690000,0,1738403859,-3748425501,25450259164,0,21701833663
2011,1,12044943811,3842894975,0,0,0,0,2143445131,0,18031283917,40740738059,-11782265879,-50081395207,-49855133,-2143445131,-1452346703,0,-3638185646,-10375471723,-2339742503,0,0,0,0,0,340173962,-1999568541,0,0,87033279719,-54364148344,0,-5813550000,0,26855581375,14480541111,21701833663,0,36182374774
2011,2,14423248838,3937616575,-5414868,-75152236,0,-969586874,1718884690,0,19029596125,-18160576978,19870432430,-3699917374,-20718188939,-1718884690,-826245751,0,-2038271452,-8262056629,-157132653,0,0,0,0,0,629412912,472280259,29067750000,0,23523673506,-55787583283,0,0,0,-3196159777,-10985936147,36182374774,156908668,25353347295
2011,3,15726834484,5379204173,0,75152236,0,969586874,12252938735,0,34403716502,-9341971006,17139549947,42901258593,1079205580,-12252938735,-1179939353,0,-215677545,72533203983,-4254734731,0,0,0,0,0,1351060390,-2903674341,-29067750000,0,47951194158,-62868173584,0,0,0,-43984729426,25644800216,25353347295,-156908668,50841238843
2011,4,16368537959,3917241669,-92772374,-1088378716,0,-3296252152,-9148208784,0,6660167602,-48224346787,-35342652363,29832945536,19537831039,9148208784,-1302588719,0,-1285931181,-20976366089,-34885621250,0,0,0,0,0,975604888,-33910016362,44763235000,0,100827172408,-48366845015,0,-5813550000,0,91410012393,36523629942,50841238843,0,87364868785
2012,1,17070497645,4220591070,0,0,0,0,2222968241,0,23514056956,-6899649386,45993570977,-91989036207,-95032059,-2222968241,-1724373686,0,1264055686,-32159375960,-18329561805,0,0,0,0,0,1836243618,-16493318187,0,0,105330225668,-65059049614,0,-4447170000,0,35824006054,-12828688093,87364868785,0,74536180692
2012,2,18753441830,3975048167,19513428,-235097044,0,-4101571564,1275459123,0,19686793940,18651258884,-5879752210,81313101638,-11322471351,-5059606114,-1338070670,0,-5741271232,90309982885,-79375281498,0,0,0,0,0,2265327946,-77109953552,0,0,55236990749,-59543516548,0,0,0,-4306525799,8893503534,74536180692,-1275145,83428409081
2012,3,15846307574,4366434127,0,235097044,0,4101571564,1605676429,0,26155086738,-14671198427,355751102,26827391722,531454983,2178470562,-1550905707,0,-4961526887,34864524086,-39854643880,0,0,0,0,0,1442647903,-38411995977,0,0,73974332057,-88017885467,0,-8894690000,0,-22938243410,-26485715301,83428409081,1275145,56943968925
2012,4,13796413510,14095851054,-19513428,-211547040,0,-6447041546,3249435684,0,24463598234,1146539544,-50207614192,-2923944076,-1252414650,-3249435684,-1243720003,0,1561122516,-31705868311,1692485118,0,0,0,0,0,902822079,2595307197,0,0,124067211103,-99308776757,0,-8894690000,0,15863744346,-13246816768,56943968925,0,43697152157
2013,1,17537233699,14796083823,0,0,0,0,3146307435,0,35479624957,24867214672,-23320796894,-32299094177,-838899912,-3146307435,-232116859,0,-2134120041,-1624495689,-1679395526,0,0,0,0,0,269428041,-1409967485,0,0,67742365480,-90318947442,0,0,0,-22576581962,-25611045136,43694913350,0,18083868214
2013,2,15555414412,14112260501,162711777,372202090,0,-1064277414,4230053492,0,33368364858,-23566754557,-9464696187,16366137214,-1504048218,-4230053492,-2291264381,0,-2173198693,6504486544,-1275428304,0,0,0,0,0,794849373,-480578931,0,0,74149924903,-87158014042,0,0,0,-13008089139,-6984181526,18083868214,0,11099686688
2013,3,17707376318,12397245738,0,-372202090,0,1064277414,3779980543,0,34576677923,-24577885212,10709582291,-2840908946,879533992,-3779980543,-2806109607,3553832774,4307318734,20022061406,-332294088,0,0,0,0,0,135109005,-197185083,0,0,85437240449,-66905532079,0,-8918990000,0,9612718370,29437594693,11099686688,0,40537281381
2013,4,19263871344,12235544132,-296334523,-354588331,0,-1958869820,2321948712,0,31211571514,-6219634751,-23186671941,19563193396,-6937230150,-2321948712,-1557490410,-3553832774,-2892153598,4105802574,-4717603617,0,0,0,0,0,759483401,-3958120216,0,0,132613247452,-99530460993,0,0,0,33082786459,33230468817,40537281381,0,73767750198
2014,1,15654295836,6919742593,0,0,0,0,2989103462,0,25563141891,25099195764,9696256838,-46004734477,467972594,-2989103462,-1597801431,0,-15456686773,-5221759056,-162386000,0,0,0,0,0,867035896,704649896,0,0,122002756471,-101636227383,0,0,0,20366529088,15849419928,73767750198,0,89617170126
2014,2,18337793371,6909439238,49843846,378248330,0,-1902762017,2826609385,0,26599172153,-29431460231,-7506307502,38715093096,775430910,-3091569909,-1635335454,0,9131001286,33556024349,-151000000,0,0,0,0,0,1035726121,884726121,0,0,99627766504,-147727851856,-947589842,-10673542000,0,-59721217194,-25280466724,89617170126,20502320,64357205722
2014,3,19339774541,6861192722,0,-378248330,0,1902762017,3253064460,0,30978545410,-14608477561,-43821608298,-2001888428,1061115173,-2988103936,-2360099248,0,-5038432602,-38778949490,-3025423637,0,0,0,0,0,825390466,-2200033171,0,0,221956837001,-132319731539,947589842,-10673542000,0,79911153304,38932170643,64357205722,-20502320,103268874045
2014,4,22076934274,6744066626,-14358830,-281359505,0,-3929393353,2579836600,0,27175725812,-20088616809,33909372495,17896943698,-5299053955,-2368085300,-3406040278,0,-10912382107,36907863556,-16861585372,0,0,0,0,0,1127296426,-15734288946,0,0,192678908478,-222304766737,-12622131041,0,0,-42247989300,-21074414690,103268874045,0,82194459355
2015,1,18002590135,7614904437,0,0,0,-647677953,2536511870,0,27506328489,9296261749,46752018083,-38696411059,21749169,-2536511870,-3654306531,0,-10635281775,28053846255,-4186700638,0,0,0,0,0,607387752,-3579312886,0,0,143515093323,-150796488273,-1321502434,0,0,-8602897384,15871635985,82194459355,0,98066095340
2015,2,20097498449,8254924468,441094217,157861395,0,-1327535369,2602945963,0,30226789123,-443571788,-30571099989,60345205175,-2770017480,-2704161859,-1840042751,0,5852391205,58095491636,-2114975011,0,0,0,0,0,1031103344,-1083871667,0,0,146728386349,-172290813215,-1871727555,-10673542000,0,-38107696421,18903923548,98066095340,2868082,116972886970
2015,3,21015623475,7994263100,0,-157861395,0,-882458578,2535006219,0,30504572821,-16436830833,10672326473,-15901034555,874422056,-2645541623,-2299080924,0,-1278967110,3489866305,-2242279669,0,0,-1638491096,0,0,2931616344,-949154421,0,0,227043542322,-218588377245,-1647429238,-10673542000,0,-3865806161,-1325094277,116972886970,-2868082,115644924611
2015,4,24888114875,7891893330,-22507541,42747096,0,-1320639791,2533598871,0,34013206840,-41725710018,-9826721112,38406778403,400172094,-2079004151,-4679811364,0,636573244,15145483936,-36052306504,550454545,0,0,0,0,892284791,-34609567168,0,0,226137995165,-200963761703,-1728491353,0,0,23445742109,3981658877,115644924611,-31342777,119595240711
2016,1,19279170921,8766689420,455158386,0,0,-537742634,1846438430,0,29809714523,47648032291,16893419481,-74630034748,-881097974,-2301033150,-1859677897,0,-7527182107,7152140419,-5598642764,0,0,0,0,0,966097634,-4632545130,0,0,162689500727,-182505817086,-1771929928,0,0,-21588246287,-19068650998,119668750027,0,100600099029
2016,2,21408696928,9216629490,344371223,-23296893,0,-1579320173,2925736816,0,32292817391,-9813260272,-25377733051,36584728616,-1507434352,-2578008739,-3855834184,0,-4939721469,20805553940,-4890334898,0,0,0,0,0,1316429343,-3573905555,0,0,196510609266,-180769880008,-1813326234,-12808137000,0,1119266024,18350914409,100600099029,4805714,118955819152
2016,3,24556129011,4835605715,-910316772,23296893,0,-1093842480,1663290258,0,29074162625,-32073356189,11102162216,7854347660,1757113375,-2011018335,-4604450586,0,1180876572,12279837338,-18230488084,0,-50000000000,0,0,0,1356733310,-66873754774,0,0,204552730769,-190380562905,-1860173490,-12808137000,0,-496142626,-55090060062,118955819152,-4805714,63860953376
2016,4,26761485852,3572575179,1950411030,157080443,0,-2712586444,3084249778,0,32813215838,-9833454952,-12205936181,9547086726,982014017,-2668044808,-7911225804,0,-2389732933,8333921903,-6913556478,319090910,0,0,0,0,1390293924,-5204171644,0,0,253658508363,-276420310063,-1910871518,0,0,-24672673218,-21542922959,63860953376,17937498,42335967915
2017,1,20419429598,5737755408,-30688785,0,0,-338648554,1683808488,0,27471656155,-12346949663,3352789167,-11043187230,-1107564364,-2100013458,-2476396962,0,-2956634203,-1206300558,-31344063672,727273,0,0,0,0,338648554,-31004687845,0,0,209735366166,-190050846430,-1961463637,0,0,17723056099,-14487932304,42335967916,0,27848035612
2017,2,22880677873,6908295675,334616562,8498230,0,-1818260604,3563358752,0,31877186488,-3023987863,-45590734126,32248255547,-1180883104,-2988652156,-4107180939,0,-3602892398,3631111449,-7821975175,117000000,0,0,0,4000000000,207963891,-3497011284,0,0,221233849416,-199656558843,-1843517723,-12808137000,0,6925635850,7059736015,27848035612,4196351,34911967978
2017,3,20963794927,7523887872,0,-8498230,0,-766034890,2182951363,0,29896101042,-22954883017,5249534661,-17772445763,378811835,-2341452989,-4618967281,0,-2161478409,-14324779921,-8434441559,0,0,0,0,0,3255993220,-5178448339,0,0,236465076091,-193190693381,-1315288883,-12808137000,0,29150956827,9647728567,34911967979,-4196352,44555500194
2017,4,18743028709,7810315701,-3007165664,-5804404,0,-1766152652,4096553606,0,25870775296,-26073157395,-32039244077,123747869136,-771682410,-3319543656,-7192758985,-9914963311,8721005010,79028299608,-17083152566,291363636,0,0,0,0,452960298,-16338828632,0,0,212726078829,-240945375979,-1344072277,-19215805500,0,-48779174927,13910296049,44555500194,4482288,58470278531
2018,1,18023193858,8484562706,0,0,0,-77937850,2197489747,0,28627308461,-16353485642,18694204708,-84009332482,-139110824,-2610155506,-1214950831,0,-6594969319,-63600491435,-7692427193,0,0,0,0,0,328489171,-7363938022,0,0,291533622455,-253811857902,-1372622075,0,0,36349142478,-34615286979,58470278531,0,23854991552
2018,2,19225769822,9027333165,0,294497904,8192697,-1550285692,4757903335,0,31763411231,20204723528,-3009499751,13732007915,515232155,-4474735336,-2627118751,0,-2319839035,53784181956,-22134229714,0,0,0,0,0,12785692,-22121444022,0,0,244767927802,-268671983286,-1402315467,0,0,-25306370951,6356366983,23854991552,-84763,30211273772
2018,3,18998910263,8976744756,0,-8192697,0,-1476147761,3223354215,0,29714668776,-17263001249,-4936079794,24155365697,1946020056,-3560183292,-3911939798,0,-1001922238,25142928158,-764424410,430000000,0,50000000000,0,0,3127545021,52793120611,0,0,247248418521,-259416550612,-944348728,-29759669000,0,-42872149819,35063898950,30211273772,84763,65275257485
2018,4,21185575753,8747278054,17897096,-38921114,0,-352534137,3626972739,0,33186268391,-9278584619,-14306079313,49848618258,-75135149,-3272245896,-3848248372,0,-7466306054,44788287246,-32603388288,0,0,0,0,0,352534137,-32250854151,0,0,255357964261,-257382748459,-256038159,-34401965000,0,-36682787357,-24145354262,65275257485,1436685,41131339908
2019,1,22957441787,9388651435,0,-8964841,0,-7546559,3484720924,0,35814302746,27396902300,35540208820,-91840480827,57001057,-4150130880,-4751050645,0,-1956729588,-3889977017,-26454069443,0,0,0,0,0,7546559,-26446522884,0,0,279287886345,-272053055372,-180870648,0,0,7053960325,-23282539576,41131339908,0,17848800332
2019,2,40770884559,9244653301,-48221806,50298402,0,-4578796,3522118687,0,53535154347,3652848002,39084147628,-7076766102,1055639223,-3202407944,-6296718032,0,-658244660,80093652462,-21442384876,0,0,0,0,0,4578796,-21437806080,0,0,226225388010,-288834419942,0,0,0,-62609031932,-3953185550,17848800332,-25684106,13869930676
2019,3,47791818956,12712675484,0,-41333561,0,-5064220,2544640349,0,63002737008,17686610493,6981846644,15184920725,-1622720561,-2864351092,-8441076612,0,-210028571,89717938034,-5136670080,0,-22000000000,0,0,0,5064220,-27131605860,0,0,161818784528,-195099330059,0,0,0,-33280545531,29305786643,13869930676,25684106,43201401425
2019,4,68691316917,5547153230,345517472,25734926,0,-344708772,2579925338,0,76844939111,-14718629620,6320489333,18565137970,-896134540,-2182213088,-9876272409,0,-8584092785,65473223972,-7304171075,338289002,0,0,0,0,6419770,-6959462303,0,0,101257874892,-118987153075,0,0,0,-17729278183,40784483486,43201401425,-22119166,83963765745
2020,1,40754724418,10210553540,0,0,0,-106908425,2422367724,0,53280737257,5056985094,-53353515127,9857867764,-1235911758,-2823444943,-14348955357,0,-11777861745,-15344098815,-8098967617,45954545,0,0,0,0,106908425,-7946104647,0,0,122065502377,-119046824829,0,0,0,3018677548,-20271525914,83963765745,0,63692239831
2020,2,37157778759,8356698046,351779268,0,0,-1639433937,2692259820,0,46919081956,6286565634,-4704221053,-31251571187,1618606670,-2193608046,0,0,-3095555255,13579298719,-7742972262,585000000,-100000000000,0,0,0,-90753485,-107248725747,0,0,163969470463,-121957367650,0,0,0,42012102813,-51657324215,63692239831,0,12034915616
2020,3,49528768142,10446338907,900000000,0,0,-307922972,1993217624,0,62560401701,-64559004239,30132879314,30745693452,1774519779,-2491869398,-8653115708,0,2752401853,52261906754,-41937157428,0,-20000000000,0,0,0,82582356,-61854575072,0,0,262930626816,-230023662051,0,-25664874000,0,7242090765,-2350577553,12034915616,0,9684338063
