Year,Quarter,1. Sales,2. Sales deductions,3. Net sales,4. Cost of sales,5. Gross Profit,6. Financial income,7. of which: interest expenses,Interest expenses,8.Selling expenses,9. General and admin expenses,10 Operating profit/(loss),11. Other incomes,12. Other expenses,13. Net other income/(expenses),13b. Venture company profit/(loss),14. Net accounting profit/(loss) before tax,15. Business income tax - current,16. Business income tax - deferred,17. Business income tax expenses,18. Net profit/(loss) after tax,19. Minority Interests,20. Attributable to parent company,21. EPS Basis,22. EPS Diluted
2013,1,227090572995,-522598173,226567974822,-215861434178,10706540644,2387284996,-8293740836,-6054314535,-2632224106,-6533109787,-4365249089,240284143,-268307838,-28023695,2675376148,-1717896636,-280825111,0,-280825111,-1998721747,49916373,-2048638120,-105,0
2013,2,221147707879,-362904741,220784803138,-208800496060,11984307078,2794699665,-7222948828,-6733967150,-2977449758,-8291945791,-3713337634,29367925,-89577472,-60209547,-23581171,-3797128352,-61954747,-169270383,-231225130,-4028353482,-86055397,-3942298085,-203,0
2013,3,253795418811,-889850858,252905567953,-238236210432,14669357521,1938794349,-5660049133,-4875427632,-2510685784,-7173170376,1264246577,37713269,-31643758,6069511,7590574710,8860890798,-63013476,0,-63013476,8797877322,364242379,8433634943,0,0
2013,4,257216825876,-1263596378,255953229498,-242970987269,12982242229,12634065566,-13281579653,-11124130591,-4976799293,-12425369378,-5067440529,24508823,-169124679,-144615856,2186725856,-3025330529,-286643368,0,-286643368,-3311973897,185820439,-3497794336,0,0
2015,1,94493255928,0,94493255928,-88573733715,5919522213,3693652812,-5263408929,0,-1534878296,-5447028086,-2632140286,860224816,-34710648,825514168,2057008849,250382731,-93237072,0,-93237072,157145659,39306472,117839187,6,0
2015,2,156965332176,0,156965332176,-144247066372,12718265804,3798321402,-4954803902,-9911367084,-2365408183,-6491857470,8464273971,269150942,-160056712,109094230,0,8573368201,-107944968,0,-107944968,8465423233,151932279,8313490954,428,0
2015,3,78782860273,0,78782860273,-76355383417,2427476856,6230395557,-4117422948,0,-990451840,-3225867919,7163837775,55227299,-96200126,-40972827,0,7122864948,-25945784,0,-25945784,7096919164,1129756,7095789408,0,0
2015,4,110841836631,-576178109,110265658522,-103590493462,6675165060,15304578810,-10972257548,-7485900006,-1508342575,-5157296336,7032460870,230039189,-43313212,186725977,0,7219186847,-75499485,0,-75499485,7143687362,3290581,7140396781,0,0
2016,1,50238763475,0,50238763475,-44249201761,5989561714,529647927,-3264819309,-3256050583,-842573826,-3972743908,5469914602,1181997,-6824,1175173,0,5471089775,-43630406,0,-43630406,5427459369,1901594,5425557775,0,0
2016,2,64120999980,0,64120999980,-63495105337,625894643,4188214098,-5223973067,-5129866230,-2049639652,-7018365128,1472924191,8000319,-1186745866,-1178745547,0,294178644,43630406,-102108821,-58478415,235700229,2548732,233151497,0,0
2016,3,55899798214,-863636,55898934578,-51461805811,4437128767,223360710,-2078571420,-2000827637,-1195650238,4242684087,18832817754,22024777,-20215262,1809515,0,18834627269,-45759422,0,-45759422,18788867847,1994384,18786873463,0,0
2016,4,67314743445,0,67314743445,-69689561831,-2374818386,3074744374,-4050587881,-3894009551,-1463595501,9536307314,8801626388,422755380,-12413,422742967,0,9224369355,-65296816,0,-65296816,9159072539,2845906,9156226633,0,0
2017,1,43171969111,0,43171969111,-36610251651,6561717460,231505408,-2836917143,-1042780323,-834063724,-2896866728,4300454673,58618348,-3,58618345,0,4359073018,-7330131,0,-7330131,4351742887,319478,4351423409,0,0
2017,2,48248621104,-66604364,48182016740,-48103061423,78955317,1063748160,-7560315985,-4279738738,-1038892427,-17961911252,-18173009068,84864830797,-3522001,84861308796,0,66688299728,-16978082227,0,-16978082227,49710217501,234149,49709983352,0,0
2017,3,60246915776,-3681818,60243233958,-57673695749,2569538209,164841631,-5909797502,-2385022542,-813898251,-10223843791,315045520,0,-6374739,-6374739,0,308670781,-12489182,0,-12489182,296181599,544330,295637269,0,0
2017,4,62313140297,0,62313140297,-61622535680,690604617,1565104611,-4546245361,-2744886771,-1468992786,-8034210227,6490439251,262525971,-2584415,259941556,0,6750380807,-116171158,0,-116171158,6634209649,5053451,6629156198,0,0
2018,1,63851962432,0,63851962432,-56777337008,7074625424,89028973,-8961727722,-1248663770,-835813209,-4508654646,2977139341,383855401,-35790194,348065207,0,3325204548,-23798477,0,-23798477,3301406071,460994,3300945077,0,0
2018,2,50862054308,0,50862054308,-50395920201,466134107,7294717317,-2312280850,-1987568134,-1052426634,-3006194190,12539280077,341092175,0,341092175,0,12880372252,-23355297,0,-23355297,12857016955,1215113,12855801842,0,0
2018,3,49376882226,0,49376882226,-44338178212,5038704014,6350257034,-2632118736,-1716987669,-862030853,-9341549360,11814372214,1500060,-2626627,-1126567,0,11813245647,0,0,0,11813245647,200246,11813045401,0,0
2018,4,37757525820,0,37757525820,-38122763276,-365237456,1608627230,-2252023116,-2131960698,-1060075913,-31814195991,-25275939231,269704758,-11219999,258484759,0,-25017454472,-66693104,0,-66693104,-25084147576,1288840,-25085436416,0,0
2019,1,34987531556,0,34987531556,-31622317043,3365214513,8766809510,-6744012362,-1692775344,-778323123,-828124374,2616907473,26229762,-90700,26139062,0,2643046535,-53737280,-384017963,-437755243,2205291292,1040930,2204250362,0,0
2019,2,29965681692,-18065456,29947616236,-29849701673,97914563,-8356819405,1857445581,-1089177695,-939989408,-3157531856,-2062358659,3354747,-903491,2451256,0,-2059907403,-17235554,0,-17235554,-2077142957,333865,-2077476822,0,0
2019,3,32828033788,0,32828033788,-29702471455,3125562333,6314909609,-1375342342,-1375342342,-810373009,-3103415031,10055700805,1466160,-8443568,-6977408,0,10048723397,-3240023,-1269963888,-1273203911,8775519486,62762,8775456724,0,0
2019,4,24498402093,0,24498402093,-21576111893,2922290200,1099419934,-12093639228,-8992010110,-1060020284,-5485603683,-9099365315,166976224,-33000,166943224,0,-8932422091,-39078528,-1195730657,-1234809185,-10167231276,756980,-10167988256,0,0
2020,1,23435188324,0,23435188324,-17896423027,5538765297,2961282596,-1477280616,-1387003908,-881370010,-4360642404,7716209370,73922599,-20780,73901819,0,7790111189,-30996022,-153178786,-184174808,7605936381,600416,7605335965,0,0
2020,2,23136746263,0,23136746263,-23697272918,-560526655,1151911954,-6453256571,-6453231979,-1008135295,-2349018002,8365677718,22381791,-41683073,-19301282,0,8346376436,-128825368,-8608950,-137434318,8208942118,-547511,8209489629,0,0
2020,3,52143450560,0,52143450560,-41739924317,10403526243,1583993529,-9120210423,-4643053363,-1013888930,-3764435703,10993390969,11000,-372729259,-372718259,0,10620672710,-61460362,0,-61460362,10559212348,1190532,10558021816,0,0
