Year,Quarter,1. Sales,2. Sales deductions,3. Net sales,4. Cost of sales,5. Gross Profit,6. Financial income,7. of which: interest expenses,Interest expenses,8.Selling expenses,9. General and admin expenses,10 Operating profit/(loss),11. Other incomes,12. Other expenses,13. Net other income/(expenses),13b. Venture company profit/(loss),14. Net accounting profit/(loss) before tax,15. Business income tax - current,16. Business income tax - deferred,17. Business income tax expenses,18. Net profit/(loss) after tax,19. Minority Interests,20. Attributable to parent company,21. EPS Basis,22. EPS Diluted
2009,4,759375276137,0,759375276137,-633622643469,125752632668,754210514,-54244506787,0,-21095788039,-36971786051,14194762305,5774189859,-4129961967,1644227892,0,15838990197,-1979873774,0,-1979873774,13859116423,0,13859116423,145,0
2010,1,605544779972,0,605544779972,-499510203585,106034576387,676895859,-15431157271,0,-20553249942,-22079745883,48647319150,2517066928,-1572635159,944431769,0,49591750919,-6317022835,0,-6317022835,43274728084,0,43274728084,452,0
2010,2,667124017821,0,667124017821,-554236048889,112887968932,4360485823,-4364449331,0,-22472267338,-39529121166,50882616920,3758542706,-2464836451,1293706255,0,52176323175,-6317022835,0,-6317022835,45859300340,0,45859300340,469,0
2010,3,675552339148,0,675552339148,-580255511759,95296827389,364191928,-69069621310,0,-43216748823,-28923621645,-45548972461,2289801638,-2088692483,201109155,0,-45347863306,5671552761,0,5671552761,-39676310545,0,-39676310545,-415,0
2010,4,772538236725,-10268040,772527968685,-598944703517,173583265168,377608759,-93367903271,0,-51733458603,-22224251698,6635260355,6931055365,-4592876961,2338178404,0,8973438759,-1346032069,0,-1346032069,7627406690,0,7627406690,80,0
2011,1,825859219678,0,825859219678,-604573994599,221285225079,1685375246,-126583913524,-95683922360,-41814132309,-28954962090,25617592402,2842137349,-1938359022,903778327,0,26521370729,-3638815538,0,-3638815538,22882555191,0,22882555191,239,0
2011,2,843538288487,0,843538288487,-664622245759,178916042728,334117416,-144805791199,-102651345199,-36272495187,-27832329449,-29660455691,8228847328,-3606551212,4622296116,0,-25038159575,3176382555,0,3176382555,-21861777020,0,-21861777020,229,0
2011,3,738254338715,-8801100,738245537615,-525677274311,212568263304,970362542,-132010769535,-122141435117,-55444961599,-33242387945,-7159493233,4752884013,-2328373071,2424510942,0,-4734982291,0,0,0,-4734982291,0,-4734982291,-49,0
2011,4,911658243966,0,911658243966,-640237511475,271420732491,2610373504,-134624584317,-106015146553,-52721672584,-36221588998,50463260096,2681501794,-1331510736,1349991058,0,51813251154,-11677937021,0,-11677937021,40135314133,0,40135314133,419,0
2012,1,779131036123,-8172727,779122863396,-544204070838,234918792558,1890549607,-133937419574,-114299736175,-46218894243,-31316078243,25336950105,6012967388,-9544470411,-3531503023,0,21805447082,-5451361770,0,-5451361770,16354085312,0,16354085312,171,0
2012,2,941236365548,0,941236365548,-727392941441,213843424107,4206701904,-127704730023,-90119013187,-37289074242,-42628657980,10427663766,4631540481,-1847524494,2784015987,0,13211679753,-3302919939,0,-3302919939,9908759814,0,9908759814,104,0
2012,3,881468823030,-58962313069,822506509961,-685241595409,137264914552,8659055615,-80264621353,-79851426865,-25910454625,-40130189127,-381294938,5211512614,-1258649217,3952863397,0,3571568459,-892892114,0,-892892114,2678676345,0,2678676345,28,0
2012,4,1145662395667,-172192552556,973469843111,-750142245697,223327597414,28965967498,-108192354839,-82529579708,-71155257421,-32181522257,40764430395,12439820547,-10502444273,1937376274,0,42701806669,-10553490749,0,-10553490749,32148315920,0,32148315920,336,0
2013,1,930441338491,-56885873946,873555464545,-690579877970,182975586575,2213222208,-87079664730,-70530086939,-33125737014,-38085347114,26898059925,15773964761,-20143567183,-4369602422,0,22528457503,-5632114376,0,-5632114376,16896343127,0,16896343127,177,0
2013,2,976885147242,-37268100198,939617047044,-743702214334,195914832710,3568771804,-94390624572,-72824400690,-38462002649,-44638696168,21992281125,22979606394,-17375384913,5604221481,0,27596502606,-8498688120,0,-8498688120,19097814486,-1420004647,20517819133,214,0
2013,3,914082536486,-31705625287,882376911199,-736373813222,146003097977,1520819232,-83372661460,-62853985182,-40272959178,-41184886316,-17306589745,28490333848,-24971105292,3519228556,0,-13787361189,0,0,0,-13787361189,-3070286069,-10717075120,-112,0
2013,4,1071992151818,-38849505005,1033142646813,-836012979463,197129667350,1828947122,-141173120616,-69405445219,-81635385810,-36908222445,-60758114399,23060404569,-18577607357,4482797212,0,-56275317187,0,0,0,-56275317187,-4603093304,-51672223883,-540,0
2014,4,1254863112822,-37276214849,1217586897973,-939380264405,278206633568,87763871033,-70973506370,-47701646201,-89239229537,-66349195393,139408573301,31809033910,-31302131864,506902046,0,139915475347,-28292495716,0,-28292495716,111622979631,-54808042,111677787673,1167,0
2015,1,921673510840,-28559617175,893113893665,-713082460632,180031433033,112165553454,-40542726333,-40393682989,-57886329473,-32531369587,161236561094,3698299644,-1673351666,2024947978,0,163261509072,-37190961168,0,-37190961168,126070547904,-1246304960,127316852864,1331,0
2015,2,1010723977916,28559617175,1039283595091,-826262164243,213021430848,-37062622966,-38593573795,-37973579794,-36860507339,-35319312416,65185414332,4051639742,-5421663376,-1370023634,0,63815390698,-13422123133,0,-13422123133,50393267565,-1738342858,52131610423,545,0
2015,3,978288932602,0,978288932602,-804662344306,173626588296,16528863456,-71979908518,-34535921726,-78131080480,-37426304925,2618157829,4679627888,-5602753261,-923125373,0,1695032456,-381082837,0,-381082837,1313949619,-2073223896,3387173515,35,0
2015,4,1242393645317,0,1242393645317,-1035913074159,206480571158,31290110022,-33881252831,-33717897940,-29712286283,-42948225529,131228916537,2831745110,-1168620932,1663124178,0,132892040715,-28295792406,0,-28295792406,104596248309,-1985761120,106582009429,1114,0
2016,1,1076320950236,0,1076320950236,-878983825097,197337125139,164667987,-51143598072,-31742975188,-82754288730,-38162240686,25441665638,4434340916,-2551821594,1882519322,0,27324184960,-6572602693,0,-6572602693,20751582267,-1174960086,21926542353,229,0
2016,2,1123188132219,0,1123188132219,-906283828924,216904303295,174542660,-17531418360,-28502961284,-32574788717,-42882133837,124090505041,124857963,-1731794872,-1606936909,0,122483568132,-24038923184,0,-24038923184,98444644948,-1126225462,99570870410,1041,0
2016,3,1012971967395,0,1012971967395,-800813311241,212158656154,117935752,-29820437720,-28123197430,-67853175898,-46804874795,67798103493,1839145017,-2490236699,-651091682,0,67147011811,-13961350386,0,-13961350386,53185661425,-2185394748,55371056173,579,0
2016,4,1069882891585,0,1069882891585,-833795275684,236087615901,19382076640,-27613723537,-25636220793,-80972697680,-45022239600,101861031724,1566346539,-8193269823,-6626923284,0,95234108440,-20205888679,0,-20205888679,75028219761,-4681252100,79709471861,725,0
2017,1,929600295406,0,929600295406,-796870258506,132730036900,68493915,-24178041189,-21446184430,-59063984579,-31659946515,17896558532,967921272,-4627444091,-3659522819,0,14237035713,-4341110130,0,-4341110130,9895925583,-1616827480,11512753063,105,0
2017,2,979819896082,0,979819896082,-901924548423,77895347659,40793160,-36684887725,-20638554272,-50421764634,-35102067149,-44272578689,10610704671,-5525689257,5085015414,0,-39187563275,4341110130,0,4341110130,-34846453145,-1923556970,-32922896175,-300,0
2017,3,688186045292,0,688186045292,-614556926892,73629118400,119570243,-29815876710,-19308854010,-37856551490,-29917871702,-23841611259,520170707,-11734158966,-11213988259,0,-35055599518,-776826897,0,-776826897,-35832426415,-1620510373,-34211916042,-311,0
2017,4,877760959558,0,877760959558,-754085612267,123675347291,37925683,-23187362539,-19670500016,-21747008196,-21980803374,56798098865,5106536368,-2796261027,2310275341,0,59108374206,-2899466995,0,-2899466995,56208907211,-409226021,56618133232,515,0
2018,1,787800873019,0,787800873019,-724111739233,63689133786,29250815,-19520726882,-19520726882,-25452437249,-20847799071,-2102578601,317808829,-4280565463,-3962756634,0,-6065335235,-242439572,0,-242439572,-6307774807,-1578339552,-4729435255,-43,0
2018,2,996960978051,0,996960978051,-873220188415,123740789636,25767467,-24042408018,-23901457621,-35710423107,-35217072561,28796653417,2026445500,-4382292066,-2355846566,0,26440806851,-4698121721,0,-4698121721,21742685130,2929130702,18813554428,214,0
2018,3,932896842451,0,932896842451,-807282354905,125614487546,207560601,-25086091940,-25086091940,-34627985556,-32314463734,33793506917,2436437141,-6378708861,-3942271720,0,29851235197,-6874370000,0,-6874370000,22976865197,-1621351279,24598216476,224,0
2018,4,960847743104,0,960847743104,-822975446008,137872297096,572089446,-17316843736,-17316843736,-29371911611,-32123483080,59632148115,6743632757,-3279981944,3463650813,0,63095798928,-12196556215,0,-12196556215,50899242713,665231878,50234010835,457,0
2019,1,923678068296,0,923678068296,-800467705543,123210362753,227357808,-26528184739,-26528175921,-31135326310,-32018658123,33755551389,244572244,-4175192146,-3930619902,0,29824931487,-7397216567,0,-7397216567,22427714920,-1551338986,23979053906,218,0
2019,2,991629166466,-747918629,990881247837,-824374518392,166506729445,22880059,-27898339188,-27898220053,-29662288412,-37027822375,71941159529,3834142071,-4765435711,-931293640,0,71009865889,-13660226642,0,-13660226642,57349639247,-1451567751,58801206998,534,0
2019,3,919249366016,-112801816,919136564200,-795000103468,124136460732,339543775,-27675868709,-27675868709,-34194004015,-35043419242,27562712541,1687271407,-6095417916,-4408146509,0,23154566032,-6637733094,0,-6637733094,16516832938,-1767711999,18284544937,166,0
2019,4,992385770076,-68777273,992316992803,-850979251389,141337741414,14535141,-28997449948,-28970529492,-31796689325,-38415763062,42142374220,2357254437,-5529670331,-3172415894,0,38969958326,-12124420174,0,-12124420174,26845538152,-2534564626,29380102778,267,0
2020,1,1050945518869,0,1050945518869,-921928505025,129017013844,14526938,-20872340333,-20872340333,-40125412915,-39536132687,28497654847,1185415533,-4600320290,-3414904757,0,25082750090,-6507216229,0,-6507216229,18575533861,-1615876679,20191410540,183.54,0
2020,2,1085206352118,-68916363,1085137435755,-934286104311,150851331444,7519553,-19512654395,-19512654395,-37556659953,-37423852707,56365683942,1749921301,-5015922624,-3266001323,0,53099682619,-10982695938,0,-10982695938,42116986681,-1602048798,43719035479,397,0
2020,3,1052154867486,-658613839,1051496253647,-935568941317,115927312330,7621190,-18779214146,-18779214146,-32048621806,-36262854433,28844243135,4561271747,-6308196640,-1746924893,0,27097318242,-6914113946,0,-6914113946,20183204296,-1483585151,21666789447,197,0
