Year,Quarter,1. Sales,2. Sales deductions,3. Net sales,4. Cost of sales,5. Gross Profit,6. Financial income,7. of which: interest expenses,Interest expenses,8.Selling expenses,9. General and admin expenses,10 Operating profit/(loss),11. Other incomes,12. Other expenses,13. Net other income/(expenses),13b. Venture company profit/(loss),14. Net accounting profit/(loss) before tax,15. Business income tax - current,16. Business income tax - deferred,17. Business income tax expenses,18. Net profit/(loss) after tax,19. Minority Interests,20. Attributable to parent company,21. EPS Basis,22. EPS Diluted
2009,4,120188384422,-5832137707,114356246715,-89549861911,24806384804,2808903877,-578447250,-430545077,-2615613833,-21574260399,2846967199,250312683,-694720,249617963,-2197888756,898696406,-587995524,0,-587995524,310700882,217099152,93601730,10,0
2010,1,63882807871,-4923936965,58958870906,-48045499499,10913371407,3108375746,-1915754899,-491161794,-1905582128,-9124597286,1075812840,4254493046,-955682435,3298810611,0,4374623451,-1039946588,0,-1039946588,3334676863,91432919,3243243944,341,0
2010,2,77853352092,-13196859441,64656492651,-54165565980,10490926671,3382564082,-1588689674,-1411596055,-1095378524,-12075512935,-886090380,4607772833,-2055501,4605717332,122233767,3841860719,-947274351,0,-947274351,2894586368,-115750613,3010336981,314,0
2010,3,135213228432,-11046720358,124166508074,-106542806253,17623701821,1276297742,-2122257519,-1898742874,-1565388269,-10394450459,4817903316,298581771,-27272727,271309044,-41691182,5047521178,-1189492341,0,-1189492341,3858028837,104684901,3753343936,395,0
2010,4,150638102095,-6193317340,144444784755,-118065215395,26379569360,5008859545,-15548002839,-2025815462,-2493343143,-16765577350,-3418494427,6877396605,-162211495,6715185110,-167613017,3129077666,-1077018262,0,-1077018262,2052059404,-319633814,2371693218,246,0
2011,1,114443792012,0,114443792012,-101081855693,13361936319,5515096719,-3500716059,-2608071689,-2052845905,-10610111372,2713359702,0,-33006352,-33006352,15023755,2695377105,-857309278,0,-857309278,1838067827,-236674656,2074742483,215,0
2011,2,76574965996,0,76574965996,-69875962016,6699003980,5964833147,-4924524319,-2712576932,-1827485210,-11793469189,-5881641591,4523362943,0,4523362943,-75849825,-1434128473,522001345,0,522001345,-912127128,-461305474,-450821654,-47,0
2011,3,124148935810,-32794396,124116141414,-109149184631,14966956783,2204053811,-2521171238,-1848570486,-2577392189,-10846451141,1225996026,8333333,-30000000,-21666667,0,1204329359,-628549265,0,-628549265,575780094,-364537976,940318070,97,0
2011,4,146843381733,-18121260,146825260473,-120112706295,26712554178,3462074092,-2025319259,-570170379,-3562008490,-21344166499,3243134022,2663883095,-50025408,2613857687,87555519,5944547228,-793356499,0,-793356499,5151190729,-771554111,5922744840,615,0
2012,1,113294408929,-113671594,113180737335,-99765514317,13415223018,782213806,-1235652809,-553309746,-1934790776,-10654524534,372468705,1261069340,-59202894,1201866446,0,1574335151,-541748934,0,-541748934,1032586217,-111891219,1144477436,120,0
2012,2,132769224355,0,132769224355,-117902115420,14867108935,837130933,-1607595061,-996211496,-3449518058,-10975896537,-328769788,1328204938,-710777223,617427715,49853300,338511227,-198824711,55009045,-143815666,194695561,-49089324,243784885,25,0
2012,3,244017771066,-82404953515,161612817551,-136245039420,25367778131,1093238394,-1081636303,-550707433,-5769294703,-11231117452,8378968067,152947964,-18750000,134197964,0,8513166031,-2155229008,0,-2155229008,6357937023,0,6357937023,665,0
2012,4,144524514434,-3754806765,140769707669,-126958192369,13811515300,1726418485,-1747355383,-132090113,-4213309632,-11056125517,-1478856747,1842829173,-1226322723,616506450,0,-862350297,208558900,0,208558900,-653791397,0,-653791397,-68,0
2013,1,103078723362,0,103078723362,-91496715440,11582007922,881206767,-878251937,-663335842,-2746401192,-9034427954,-195866394,1405282000,-10000000,1395282000,0,1199415606,-317278902,0,-317278902,882136704,0,882136704,92,0
2013,2,113383502135,-2230859,113381271276,-101828366286,11552904990,1313193577,-196630223,-201621449,-2251969481,-11142729042,-725230179,825744034,-601,825743433,0,100513254,-65378314,0,-65378314,35134940,0,35134940,4,0
2013,3,163555522826,-62086364,163493436462,-148881562818,14611873644,1137611590,-1072314192,0,-3177091361,-10936964309,563115372,249758502,-539242425,-289483923,0,273631449,-101232863,0,-101232863,172398586,0,172398586,18,0
2013,4,171449442172,-110089166,171339353006,-151034629957,20304723049,924133917,-1323092520,-101000000,-4589238245,-9726970377,5589555824,9068532,-1100000,7968532,0,5597524356,-1518568899,0,-1518568899,4078955457,0,4078955457,426,0
2014,1,112944232569,-6376014,112937856555,-103011206342,9926650213,463138703,-1130554787,-934866306,-2508901864,-6696075853,54256412,0,-665162,-665162,0,53591250,-45871411,0,-45871411,7719839,0,7719839,1,0
2014,2,112554662926,0,112554662926,-111693615513,861047413,372157491,-1537007951,-852013433,-2713418889,-10460234690,-13477456626,78637592,-90649059,-12011467,0,-13489468093,8687312,37184099,45871411,-13443596682,0,-13443596682,-1405,0
2014,3,160333471849,-32976244,160300495605,-145391401736,14909093869,542366945,-1028242158,-537061604,-3752110087,-10515785903,155322666,376920504,-500993683,-124073179,0,31249487,0,0,0,31249487,0,31249487,0,0
2014,4,276912429059,-1687992,276910741067,-243780106864,33130634203,1601223920,-1204206862,-365910142,-5382678062,-23581912030,4563061169,753485787,-8636129599,-7882643812,0,-3319582643,-3861086625,0,-3861086625,-7180669268,0,-7180669268,0,0
2015,1,110407118570,-1140364,110405978206,-100106996623,10298981583,1038716321,-1558014150,-734472714,-3312943445,-11034445541,-4567705232,4278921958,-879054564,3399867394,0,-1167837838,-1153260987,0,-1153260987,-2321098825,0,-2321098825,0,0
2015,2,123100892046,0,123100892046,-111228472727,11872419319,742009907,-3580953483,-1321848134,-3019991021,-10030570392,-4017085670,592671624,-1375267654,-782596030,0,-4799681700,-2263392812,0,-2263392812,-7063074512,0,-7063074512,-981,0
2015,3,155536503274,0,155536503274,-144584244610,10952258664,1546812217,-3808632446,-1772190855,-3751046889,-10336218232,-5396826686,37264884,-120970787,-83705903,0,-5480532589,-1206829963,0,-1206829963,-6687362552,0,-6687362552,0,0
2015,4,136866470564,0,136866470564,-127559182997,9307287567,746784095,-5531775858,-2579258675,-3646338439,-12463607791,-11587650426,618457708,-130008228,488449480,0,-11099200946,1852156711,0,1852156711,-9247044235,0,-9247044235,0,0
2016,1,150669688668,-14484091,150655204577,-135814563687,14840640890,574163893,-2378504833,-1715626629,-3299903891,-8491763971,1244632088,80010186,-2100000,77910186,0,1322542274,0,0,0,1322542274,0,1322542274,0,0
2016,2,131890177381,0,131890177381,-119291015428,12599161953,1651954267,-1843037990,-1050831480,-4607316426,-8961789544,-1161027740,173227631,-111996484,61231147,0,-1099796593,0,0,0,-1099796593,0,-1099796593,0,0
2016,3,113830694036,0,113830694036,-100340449138,13490244898,645569415,-996214294,-900914679,-2648463781,-8895888898,1595247340,42751345,-48469623,-5718278,0,1589529062,0,0,0,1589529062,0,1589529062,0,0
2016,4,113258046589,0,113258046589,-97679709161,15578337428,1130989416,-3174057292,-616383778,-3177230179,-9413117045,944922328,474567625,-460582551,13985074,0,958907402,0,0,0,958907402,0,958907402,0,0
2017,1,127716914284,-118957145,127597957139,-113390391175,14207565964,1268983715,-1495104113,-603877621,-3047156745,-8600828641,2333460180,494292265,-95616628,398675637,0,2732135817,0,0,0,2732135817,0,2732135817,0,0
2017,2,127041823564,0,127041823564,-106912353823,20129469741,857884122,-803553934,-736448296,-3668686535,-9554471795,6960641599,28766736,-2066389,26700347,0,6987341946,0,0,0,6987341946,0,6987341946,0,0
2017,3,133627228336,-456000,133626772336,-118803773848,14822998488,762809311,-1612940514,-737649874,-3068026353,-9758103187,1146737745,2652157010,-7346737,2644810273,0,3791548018,0,0,0,3791548018,0,3791548018,0,0
2017,4,168421910468,0,168421910468,-150124543743,18297366725,1045720180,-272454925,-826286362,-4718895431,-11823683019,2528053530,281771999,-47088466,234683533,0,2762737063,0,0,0,2762737063,0,2762737063,0,0
2018,1,157774447456,0,157774447456,-139838499556,17935947900,693820747,-1414971832,-560544137,-4000827236,-9681872640,3532096939,21353570,-72291,21281279,0,3553378218,0,0,0,3553378218,0,3553378218,0,0
2018,2,165231890488,0,165231890488,-143782141277,21449749211,1207977200,-1198128799,-748499335,-5201550435,-10148231275,6109815902,870014710,-279850336,590164374,0,6699980276,-74276400,0,-74276400,6625703876,0,6625703876,0,0
2018,3,194437649896,0,194437649896,-172734152456,21703497440,1453781015,-2271997244,-786421390,-4639968758,-9747456551,6497855902,44307740,-70261404,-25953664,0,6471902238,-866373729,0,-866373729,5605528509,0,5605528509,0,0
2018,4,189306561429,-464850378,188841711051,-172105050408,16736660643,893523430,-1387205700,-949728362,-5269234247,-7023668123,3950076003,123311672,-42387690,80923982,0,4030999985,-1581237778,0,-1581237778,2449762207,0,2449762207,190,0
2019,1,200586415103,0,200586415103,-178800743719,21785671384,977895904,-1776717438,-753961993,-4207319929,-10987408681,5792121240,271953768,-285114207,-13160439,0,5778960801,-1155792153,0,-1155792153,4623168648,0,4623168648,359,0
2019,2,191175679405,-1052728,191174626677,-164860278433,26314348244,1089573190,-540377636,-780234621,-6085439075,-10700457119,10077647604,145849736,191852749,337702485,0,10415350089,-2157744379,0,-2157744379,8257605710,0,8257605710,359,0
2019,3,221291551449,-10466240,221281085209,-196176523090,25104562119,1224965069,-1655987518,-574036360,-5461505367,-10340171313,8871862990,471711114,-430045959,41665155,0,8913528145,-1811001949,0,-1811001949,7102526196,0,7102526196,0,0
2019,4,258100401748,-626191916,257474209832,-210597741145,46876468687,1158138318,106345128,-483999689,-6915454025,-30773202825,10452295283,16319030,-737276138,-720957108,0,9731338175,-5574941256,0,-5574941256,4156396919,0,4156396919,0,0
2020,1,219030207736,-2754497,219027453239,-197647673656,21379779583,2020521725,-1127229397,-407802435,-5469374570,-9980620792,6823076549,221296996,-630107,220666889,0,7043743438,-1408748686,0,-1408748686,5634994752,0,5634994752,0,0
2020,2,243124404036,-406686034,242717718002,-204270363691,38447354311,1731150426,-850925577,-351046056,-7235473845,-11043658345,21048446970,1266331892,-14490719153,-13224387261,0,7824059709,-1669387350,0,-1669387350,6154672359,0,6154672359,0,0
2020,3,241880611894,-796729529,241083882365,-209107083404,31976798961,1852317224,-689375351,-174363981,-6523490002,-9798263425,16817987407,603642055,-229700349,373941706,0,17191929113,-3438385822,0,-3438385822,13753543291,0,13753543291,0,0
