Year,Quarter,1. Net profit/(loss) before tax,2. Accumulated depreciation,3. Provisions,4. Unrealised foreign exchange gain/loss,5. (Profit)/loss from liquidation of fixed assets,6. Profits/losses from investments,7. Interest expense,8. Interest income and dividend,9. Operating profit/(loss) before changes in WC,10. (Increase)/decrease in receivables,11. (Increase)/decrease in inventories,12. Increase/(decrease) in payables,13. (Increase)/decrease in prepaid expenses,14. Interest paid,15. Business Income Tax Paid,16. Other receipts from operating activities,17. Cash for other business activities,Net cash inflows(outflows) from operating activities,1. Purchases of fixed assets and other long term assets,2. Proceeds from disposal of fixed assets,"3. Loans granted, purchases of debt instruments","4. Collection of loans, proceeds from sales of debts instruments",5. Investments in other entities,6. Proceeds from divestment in other entities,7. Dividends and interest received,Net cash inflows/(outflows) from investing activities,1. Proceeds from issue of shares,2. Payments for share returns and repurchases,3. Proceeds from borrowings,4. Repayment of borrowings,5. Finance lease principal payments,6. Dividends paid,7. Interest received,Net cash inflows/(outflows) from financing activities,Net increase in cash and cash equivalents,Cash and cash equivalents at the beginning period,Effect of foreign exchange differences,Cash and cash equivalents at the end of period
2014,1,5629241541,90260216,0,0,0,128397943,379583333,0,6227483033,-82848033181,0,1789142038,0,-379583333,-500000000,0,0,-75710991443,-7030470235,270000000,0,0,0,0,1734623,-6758735612,100000000000,0,3100000000,-3600000000,0,0,0,99500000000,17030272945,24262496465,0,41292769410
2014,2,5841261435,413628318,0,0,0,-343399144,172067332,0,6083557941,-10413375705,0,-445242667,-3270393,-172067332,-1000000000,0,-52000000,-6002398156,-766757637,0,-33500000000,0,0,101254000,1308165,-34164195472,0,0,7020000000,-6521680000,0,0,0,498320000,-39668273628,41292769410,0,1624495782
2014,3,3329660368,-219943675,0,0,0,-1005206568,178343306,0,2282853431,-13970775522,-3120061000,-592264939,15175062,-178343306,-1000000000,0,-1201005067,-17764421341,-2878253304,0,0,11000000000,0,0,206568,8121953264,0,0,15326098117,-6635955000,0,0,0,8690143117,-952324960,1624495782,0,672170822
2014,4,28090630639,97625854,0,0,0,-445926292,509189170,0,28251519371,-19795475635,-98050000,-3578808311,0,-509189170,-8500000000,0,-818497876,-5048501621,-18129233813,0,0,20500000000,0,0,1785926292,4156692479,0,0,1266804962,-32520000,0,0,0,1234284962,342475820,672170822,0,1014646642
2015,1,6770679465,104692325,0,0,0,352897277,219963463,0,7448232530,1950505993,0,26882202144,-505886000,-219963463,0,0,-129761746,35425329458,-25460279870,0,0,0,0,0,60476105,-25399803765,0,0,550000000,-2033336000,0,0,0,-1483336000,8542189693,1014646642,0,9556836335
2015,2,2370803874,224168061,2107838740,0,0,-483059394,576104559,0,4795855840,-60908006183,-6416313735,76016319685,-6748420957,-552794720,-4504223103,0,129761746,1812178573,-3073446375,0,0,0,0,0,69686012,-3003760363,0,0,1813407648,-5560120000,0,0,0,-3746712352,-4938294142,9556836335,0,4618542193
2015,3,1727373253,269837123,0,0,0,-3217013,45133507,0,2039126870,-200372095623,-5280892831,-11161220827,-9581250,-331160246,-491550218,0,0,-215607374125,-2388012604,0,0,0,0,0,3217013,-2384795591,216000000000,0,0,-184533000,0,0,0,215815467000,-2176702716,4618542193,0,2441839477
2015,4,2974420641,270158553,0,91035541,0,-1877982,55663781,0,3389400534,-20685507790,8430310016,56544415011,-30097817,-55663781,-6779154985,0,0,40813701188,-34476176659,0,0,0,0,0,1877982,-34474298677,3360000000,0,6401191109,-8026477757,0,0,0,1734713352,8074115863,2441839477,1428359,10517383699
2016,1,2436989744,1320999437,0,0,0,3837098,235812792,0,3997639071,-46641259484,14523522426,31060351665,-909323194,-235812792,0,0,0,1795117692,-18644356922,0,0,0,0,0,-3837098,-18648194020,0,0,17830000000,-8064014079,0,0,0,9765985921,-7087090407,10518334990,0,3431244583
2016,2,-645844352,2025344906,0,0,0,-9965933,1142465734,0,2512000355,40133448007,5777002776,-37391954366,397502645,-988334334,-3370000000,0,0,7069665083,-40547729337,0,0,0,0,0,9965934,-40537763403,0,0,41292796743,-8236583280,0,-1955473075,0,31100740388,-2367357932,3431244583,0,1063886651
2016,3,2985404934,1638684200,0,0,0,-673308361,2668895635,0,6619676408,15922511362,-30060780450,17622243888,629046479,-2668895635,0,0,0,8063802052,-20103652514,0,0,0,0,0,673308360,-19430344154,0,0,51528978064,-37264258280,0,-1173278845,0,13091440939,1724898837,1063886651,0,2788785488
2016,4,4710223407,117605820,0,0,0,-795150511,-9724857,0,4022953859,180861710,-40254386975,-29293632227,-40439023782,98867135,0,0,0,-105684360280,97379594327,0,0,0,0,0,-668193239,96711401088,0,0,18829862932,-7991954088,0,-388301928,0,10449606916,1476647724,2788785488,0,4265433212
2017,1,1790867486,1631519829,0,0,0,-3576224966,2021951855,0,1868114204,-39341631401,-3044418351,22047958376,-344210163,-2021951855,-1123739202,0,0,-21959878392,-3851711959,0,0,0,30048931850,0,827001,26198046892,0,0,6607841011,-10296994468,-1161928320,0,0,-4851081777,-612913277,2493140004,0,1880226727
2017,2,386754484,2380115548,-607014164,0,0,-7147455632,2311322666,0,-2676277098,-19914861271,-1019269324,22602068830,-1078497543,-2179849718,0,0,-1065397696,-5332083820,405471564,1363909363,0,0,-30048931850,30048931850,4810396989,6579777916,0,0,2884368986,-4403985836,-1184627370,0,0,-2704244220,-1456550124,1880226727,0,423676603
2017,3,-3111331238,2102312453,-1548091503,0,0,-23205610,1939322401,0,-640993497,7339542115,2279251880,693829585,384674997,-2224500433,-971339373,0,1065397697,7925862971,-3694655621,-273000,0,0,0,0,1728012,-3693200609,0,0,17932507790,-20996085037,-782185230,0,0,-3845762477,386899885,423676603,0,810576488
2017,4,473570709,2101052975,1337300000,0,0,-707830,944373335,0,4855589189,-2895759979,657777107,19284067856,510621182,-944373335,-220981355,0,0,21246940665,65586364,0,0,0,0,0,707830,66294194,0,0,310000000,-11805686676,-429343148,0,0,-11925029824,9388205035,810576488,0,10198781523
2018,1,2521767132,-415675111,0,0,0,-5329587327,800958014,0,-2422537292,4433646191,-3592953547,-10951520249,-2914191498,-800958015,123739202,34998274,0,-16089776934,12596209767,0,0,0,0,0,837327,12597047094,0,0,5400000000,-9638404829,-2308305157,0,0,-6546709986,-10039439826,10196348291,0,156908465
2018,2,1997563285,3302614948,223091458,0,0,-2782710226,3987536157,0,6728095622,-12404257337,4796951084,-30264681670,20427000335,287984060,-123739202,-34998274,0,-10587645382,-12790209767,0,0,0,0,4471220000,16902846623,8583856856,0,0,12330000000,-8184277461,2308305157,0,0,6454027696,4450239170,156908465,0,4607147635
2018,3,1574417046,1513685820,-514405156,0,0,-1789560935,1240163073,0,2024299848,-27874681903,-591480398,25045990687,470834721,-976816170,-462933401,7174869,0,-2357611747,-6668587363,0,0,0,0,0,4800132842,-1868454521,0,0,-17730000000,17456800000,0,0,0,-273200000,-4499266268,4607147635,0,107881367
2018,4,340448467,1353343199,0,0,0,7363780403,1203047407,0,10260619476,-10738967098,-762750820,14109826706,12081789625,-784839318,-306638199,0,0,23859040372,-147000000,0,0,0,0,0,-21702465062,-21849465062,0,0,35460000000,-35460000000,0,0,0,0,2009575310,107881367,0,2117456677
2019,1,1131694462,1429577262,0,0,0,-354427,0,0,2560917297,2977078976,-2327720225,-19926239668,270223207,-512973955,0,0,0,-16958714368,-501920270,0,0,0,0,0,354427,-501565843,0,0,33428136353,-17822682290,0,0,0,15605454063,-1854826148,2117260770,0,262434622
2019,2,-24673821686,1393295018,21927350799,0,0,-164478,4993782042,0,3640441695,-24162825686,1466080086,23648904250,357588269,0,-1382350604,0,0,3567838010,-1200341981,0,0,0,0,0,164478,-1200177503,0,0,-2492601177,0,0,0,0,-2492601177,-124940670,262434622,0,137493952
2019,3,1142445728,1410571948,-657818206,0,0,-4319,369053172,0,2264248323,-5222443513,-1207357357,21537223280,284978414,-984009995,-318312346,0,0,16354326806,-535545455,0,0,0,0,0,4319,-535541136,0,0,-15698136353,92682290,0,0,0,-15605454063,213331607,137493952,0,350825559
2019,4,-6885100967,1410571950,0,0,0,-136701,4554437971,0,-920227747,-4374949889,0,4941684641,287399508,-181205929,0,0,0,-247299416,-81000000,0,0,0,0,0,136701,-80863299,0,0,2144000000,-1072000000,0,0,0,1072000000,743837285,350825559,0,1094662844
2020,1,-2372162225,1368662426,0,0,0,-6811,0,0,-1003506610,-14124120612,151357103,14914520875,201049482,0,0,0,0,139300238,-81000000,0,0,0,0,0,6811,-80993189,0,0,0,0,0,0,0,0,58307049,1094662844,0,1152969893
2020,2,-3872066724,1410571952,0,0,0,-93320,1935000000,0,-526588092,3596180526,0,-4356270266,204311331,0,0,0,0,-1082366501,81000000,0,0,0,0,0,93320,81093320,0,0,0,0,0,0,0,0,-1001273181,1152969893,0,151696712
2020,3,34404326960,1368662428,-32564546090,0,0,513353812,-2865281725,0,856515385,-14177449948,1,15043121806,104112876,0,0,0,0,1826300120,141000000,-500000000,0,0,0,0,105033,-358894967,0,0,-1603482969,0,0,0,0,-1603482969,-136077816,351578998,0,215501182
