Year,Quarter,1. Sales,2. Sales deductions,3. Net sales,4. Cost of sales,5. Gross Profit,6. Financial income,7. of which: interest expenses,Interest expenses,8.Selling expenses,9. General and admin expenses,10 Operating profit/(loss),11. Other incomes,12. Other expenses,13. Net other income/(expenses),13b. Venture company profit/(loss),14. Net accounting profit/(loss) before tax,15. Business income tax - current,16. Business income tax - deferred,17. Business income tax expenses,18. Net profit/(loss) after tax,19. Minority Interests,20. Attributable to parent company,21. EPS Basis,22. EPS Diluted
2009,4,126257164425,0,126257164425,-47892932134,78364232291,22886902996,-13964907816,-1199417868,0,-8207588536,79078638935,50587870,-4545455,46042415,6477581325,85602262675,-4389870840,692846225,-3697024615,81905238060,0,81905238060,0,0
2010,1,98753489460,0,98753489460,-44717199324,54036290136,27736762779,-1359031296,-1359031296,0,-2070223605,78343798014,33504727,0,33504727,0,78377302741,0,0,0,78377302741,0,78377302741,0,0
2010,2,132458098538,0,132458098538,-47927335816,84530762722,16489270907,-928383081,-569895830,0,-3489680489,96601970059,-18250044,0,-18250044,677853576,97261573591,0,0,0,97261573591,0,97261573591,0,0
2010,3,69006888936,0,69006888936,-46353064348,22653824588,29691447945,-13306452415,-1361734138,0,-2608822756,36429997362,178024091,-3930000,174094091,0,36604091453,-12890799846,0,-12890799846,23713291607,0,23713291607,0,0
2010,4,120361354938,0,120361354938,-43828899324,76532455614,36020971438,-710331898,-710331898,0,-5046816223,106796278931,-35974844,0,-35974844,801842781,107562146868,-9992847691,622979302,-9369868389,98192278479,0,98192278479,0,0
2011,1,128000852800,0,128000852800,-38712094870,89288757930,34418963086,-2093883595,-2093883595,0,-2524903525,119088933896,18181820,0,18181820,0,119107115716,-5955355786,0,-5955355786,113151759930,0,113151759930,0,0
2011,2,141805152360,0,141805152360,-39945739651,101859412709,34646908035,-26447440922,211021202,0,-2952071050,107106808772,13636365,-26360937,-12724572,767630734,107861714934,-14448661412,0,-14448661412,93413053522,0,93413053522,0,0
2011,3,72107054720,0,72107054720,-36827637043,35279417677,32091813836,-4628292049,-1014052849,0,-3972148546,58770790918,115301689,-10710000,104591689,0,58875382607,-2000000000,0,-2000000000,56875382607,0,56875382607,0,0
2011,4,105856469741,0,105856469741,-45587863559,60268606182,42730450776,-3216286216,-3517472816,0,-5850015272,93932755470,110772932,-3636364,107136568,0,94039892038,-12483628045,0,-12483628045,81556263993,0,81556263993,0,0
2012,1,99495749539,0,99495749539,-46486059230,53009690309,19624700545,-1774064765,-1774064765,0,-3116387731,67743938358,-4253092,-6363636,-10616728,0,67733321630,-2000000000,0,-2000000000,65733321630,0,65733321630,0,0
2012,2,94393731390,0,94393731390,-36160795156,58232936234,22698174160,8862368237,-739895763,0,-4610918893,85182559738,89090895,-44526764,44564131,969681653,86196805522,-11911276747,0,-11911276747,74285528775,0,74285528775,0,0
2012,3,56856787376,0,56856787376,-31985512761,24871274615,25965493468,-831527320,-831527320,0,-3518155842,46487084921,0,-33947399,-33947399,0,46453137522,-1000000000,0,-1000000000,45453137522,0,45453137522,0,0
2012,4,73805810000,0,73805810000,-35562218458,38243591542,30599858763,-193741073,-193741073,0,-4495589261,64154119971,110350941,-2727273,107623668,0,64261743639,-16629235227,0,-16629235227,47632508412,0,47632508412,0,0
2013,1,59958789945,0,59958789945,-31357709947,28601079998,12905676992,-1797448455,-1797448455,0,-3416231808,36293076727,45909090,0,45909090,0,36338985817,-1000000000,0,-1000000000,35338985817,0,35338985817,0,0
2013,2,44719341850,0,44719341850,-31047990454,13671351396,57562544230,-2699719567,-660019975,0,-4174496999,64359679060,31363637,0,31363637,643869979,65034912676,-16762745408,0,-16762745408,48272167268,0,48272167268,413,0
2013,3,80782771598,0,80782771598,-27612935123,53169836475,14032128584,-713310336,-633135336,0,-1803991353,64684663370,4545455,-9038000,-4492545,0,64680170825,-500000000,0,-500000000,64180170825,0,64180170825,0,0
2013,4,98218791514,0,98218791514,-41379322523,56839468991,9160159350,-591952778,-591952778,0,-5959581702,59448093861,30000000,-89245095,-59245095,682208597,60071057363,-10466761023,0,-10466761023,49604296340,0,49604296340,0,0
2014,1,89787041327,0,89787041327,-41658959100,48128082227,5781935281,-580893703,-580893703,0,-3191048596,50138075209,4545455,0,4545455,0,50142620664,-2000000000,0,-2000000000,48142620664,0,48142620664,0,0
2014,2,91979869709,0,91979869709,-42123229976,49856639733,8385769888,-2198695075,-541447838,0,-5910337118,50133377428,2272725,-2272000,725,523911291,50657289444,-4755719211,0,-4755719211,45901570233,0,45901570233,465,0
2014,3,28371346012,0,28371346012,-30518953837,-2147607825,8420132489,-1641820187,-1054500925,0,-4142522731,488181746,6363636,-805000,5558636,0,493740382,0,0,0,493740382,0,493740382,0,0
2014,4,344094373414,0,344094373414,-43650643495,300443729919,4398707702,-1118248031,-1118248031,0,-4896355031,298827834559,40000000,-81959458,-41959458,682208597,299468083698,-17755836824,0,-17755836824,281712246874,0,281712246874,0,0
2015,1,126556582242,0,126556582242,-38347645263,88208936979,2637328950,-1889758784,-486560831,0,-4519830775,84436676370,24556181,-1000000,23556181,0,84460232551,-4000000000,0,-4000000000,80460232551,0,80460232551,0,0
2015,2,144742362589,0,144742362589,-43160619068,101581743521,6369102351,-4404734402,-2837882602,0,-5443320555,98102790915,19999999,-15635364,4364635,248905040,98356060590,-6128714778,0,-6128714778,92227345812,0,92227345812,837,0
2015,3,91792333808,0,91792333808,-40457524181,51334809627,3387105143,-4518804696,-3082512451,0,-4366722424,45836387650,16539091,0,16539091,0,45852926741,-2200000000,0,-2200000000,43652926741,0,43652926741,0,0
2015,4,104485963098,0,104485963098,-43082921783,61403041315,15702764787,-10308544895,-2377907117,0,-7448206457,60738669727,85032273,-7834378132,-7749345859,0,52989323868,-19084653518,0,-19084653518,33904670350,0,33904670350,0,0
2016,1,105426866441,0,105426866441,-37751612587,67675253854,9429095730,-4679355794,-714036905,0,-5276863919,67063578427,6897736,-2568266,4329470,0,67067907897,-4000000000,0,-4000000000,63067907897,0,63067907897,306,0
2016,2,117389176685,0,117389176685,-40738612654,76650564031,17083824964,-3338226701,-1604548179,0,-5715627946,85341973009,1070000000,-3481000,1066519000,0,86408492009,-4035322161,0,-4035322161,82373169848,0,82373169848,383,0
2016,3,106267347518,0,106267347518,-44114609333,62152738185,5007582523,-2496570447,-2019007253,0,-5148061651,60406846698,12727274,-5540518,7186756,0,60414033454,-3888896280,0,-3888896280,56525137174,0,56525137174,274,0
2016,4,119090777272,0,119090777272,-58716586249,60374191023,21792646376,-9531459747,-859696879,0,-5625585115,67144562625,16363638,-95301597,-78937959,0,67065624666,-10826418357,0,-10826418357,56239206309,0,56239206309,256,0
2017,1,192587965380,0,192587965380,-56153264305,136434701075,8531580991,-782167086,-68419568,0,-5396447916,138990454596,7272728,0,7272728,0,138997727324,-14683503905,0,-14683503905,124314223419,0,124314223419,603,0
2017,2,126449463970,0,126449463970,-49760890788,76688573182,10957003632,-621872842,-302199850,0,-5846262899,81829159467,13181813,0,13181813,0,81842341280,-9753030708,0,-9753030708,72089310572,0,72089310572,349,0
2017,3,88799219057,0,88799219057,-46115810108,42683408949,3166973757,-513536785,-371264690,0,-5903975042,40215959449,30000000,-48012115,-18012115,0,40197947334,-3722523423,0,-3722523423,36475423911,0,36475423911,167,0
2017,4,118861546221,0,118861546221,-63002185054,55859361167,12220597064,-349029770,-349029770,0,-7771454559,60227962296,9090910,-286136425,-277045515,0,59950916781,-7748726360,0,-7748726360,52202190421,0,52202190421,244,0
2018,1,236860979255,0,236860979255,-59720775103,177140204152,2544368108,-2343578340,-365043663,0,-4992921826,172653576721,157520910,-68126091,89394819,0,172742971540,-17299279757,0,-17299279757,155443691783,0,155443691783,754,0
2018,2,174255200961,0,174255200961,-55350888935,118904312026,10330229125,-4620619937,-622803442,0,-6650666998,118614529751,391363634,-141200000,250163634,0,118864693385,-12543907693,0,-12543907693,106320785692,0,106320785692,495,0
2018,3,77807011906,0,77807011906,-47860519941,29946491965,2104221592,-8465341173,-70218154,0,-5692992119,18525409674,48636361,-1252517,47383844,0,18572793518,-1564246215,0,-1564246215,17008547303,0,17008547303,83,0
2018,4,74654316633,0,74654316633,-51346970493,23307346140,18374698049,-327000598,-327000598,0,-8283911062,33298363093,36363636,-991881725,-955518089,0,32342845004,-4884263682,0,-4884263682,27458581322,0,27458581322,113,0
2019,1,135922500056,0,135922500056,-46010727301,89911772755,851115735,-1039380514,-318589748,0,-5534365570,84210178723,4545455,-660000,3885455,0,84214064178,-8502601179,0,-8502601179,75711462999,0,75711462999,355,0
2019,2,110113177317,0,110113177317,-63722334169,46390843148,1938130532,-3339201551,-318325874,0,-5880848348,39855869782,514454545,-518112951,-3658406,0,39852211376,-3891689573,0,-3891689573,35960521803,0,35960521803,186,0
2019,3,39861758906,0,39861758906,-41448321288,-1586562382,1814990112,-322543597,-306617825,0,-5404479171,-4852582226,1428272729,-53374491,1374898238,0,-3477683988,0,-518657708,-518657708,-3996341696,0,-3996341696,-19,0
2019,4,114386152215,0,114386152215,-51729617053,62656535162,2316639604,-306826936,-306826936,0,-6202731788,58489857759,980000000,-1970249374,-990249374,0,57499608385,-6157049600,0,-6157049600,51342558785,0,51342558785,223,0
2020,1,36268218346,0,36268218346,-33896935114,2371283232,8574051,-717501390,-322045544,0,-3237587599,-1611010106,548181819,0,548181819,0,-1062828287,0,0,0,-1062828287,0,-1062828287,0,0
2020,2,54834674530,0,54834674530,-49904283515,4930391015,1221940656,-2027194825,-310203387,0,-6952682922,-1999771282,13636364,-134222727,-120586363,0,-2120357645,0,0,0,-2120357645,0,-2120357645,0,0
2020,3,95160406345,0,95160406345,-53063515307,42096891038,368188106,-309966914,-309966914,0,-5245782248,36909329982,0,-655387256,-655387256,0,36253942726,-6672763186,0,-6672763186,29581179540,0,29581179540,143,0
