Year,Quarter,1. Net profit/(loss) before tax,2. Accumulated depreciation,3. Provisions,4. Unrealised foreign exchange gain/loss,5. (Profit)/loss from liquidation of fixed assets,6. Profits/losses from investments,7. Interest expense,8. Interest income and dividend,9. Operating profit/(loss) before changes in WC,10. (Increase)/decrease in receivables,11. (Increase)/decrease in inventories,12. Increase/(decrease) in payables,13. (Increase)/decrease in prepaid expenses,14. Interest paid,15. Business Income Tax Paid,16. Other receipts from operating activities,17. Cash for other business activities,Net cash inflows(outflows) from operating activities,1. Purchases of fixed assets and other long term assets,2. Proceeds from disposal of fixed assets,"3. Loans granted, purchases of debt instruments","4. Collection of loans, proceeds from sales of debts instruments",5. Investments in other entities,6. Proceeds from divestment in other entities,7. Dividends and interest received,Net cash inflows/(outflows) from investing activities,1. Proceeds from issue of shares,2. Payments for share returns and repurchases,3. Proceeds from borrowings,4. Repayment of borrowings,5. Finance lease principal payments,6. Dividends paid,7. Interest received,Net cash inflows/(outflows) from financing activities,Net increase in cash and cash equivalents,Cash and cash equivalents at the beginning period,Effect of foreign exchange differences,Cash and cash equivalents at the end of period
2011,1,11614680169,7075500302,0,0,0,-1217979412,7440591595,0,24912792654,-82228749215,-6968552046,75052780538,169038499,-2134449880,-3005492551,0,-316345458,5481022541,-6047581237,3331152000,0,0,0,0,171446309,-2544982928,0,0,115024042100,-102286350000,0,-30374644000,0,-17636951900,-14700912287,23908147964,0,9207235677
2011,2,774308458,6927928245,0,0,0,-975456984,9825339851,0,16552119570,100147861883,-49590953970,-68691169625,-339300744,-8365294938,-2854607843,0,-3109077,-13144454744,-7454019627,90000000,0,0,0,0,87220498,-7276799129,0,0,138058705850,-106836861650,0,-7593661000,0,23628183200,3206929327,9207235677,0,12414165004
2011,3,-2821225612,1143898548,0,0,0,-370260088,13080503263,0,11032916111,93636372269,39427030639,-93479188462,-634584868,7898403302,-193577115,370260088,4987158373,63044790337,-15180969653,2209742727,0,0,0,0,0,-12971226926,0,0,98940403700,-153323313300,0,0,0,-54382909600,-4309346189,12414165004,0,8104818815
2011,4,-2036053221,5878587442,0,0,0,-451458935,10951036705,0,14342111991,-179789046005,-34784716744,118688640354,-2204176967,3558805693,-501432065,1363406959,-18968055520,-98294462304,-2663455637,0,0,0,0,0,0,-2663455637,0,0,199525054253,-89111804550,0,0,0,110413249703,9455331762,8104818815,0,17560150577
2012,1,2711722042,7126689611,0,0,0,-638754848,9656652804,0,18856309609,-146822784076,-18491185005,66995397163,1408199656,9619233500,0,-39393663,-779520589,-69253743405,-35350000,0,0,0,0,0,0,-35350000,0,0,322087017618,-254430089027,0,0,0,67656928591,-1632164814,17560150577,0,15927985763
2012,2,1529194354,6069300079,0,0,0,412859346,8811864829,0,16823218608,80629981639,92162339615,-78002876998,-1002090071,-28723458712,-677930511,765090060,-568321361,81405952269,-19054887595,0,0,0,0,0,225895502,-18828992093,0,0,427990007440,-472942843254,0,-4541887750,0,-49494723564,13082236612,15927985763,0,29010222375
2012,3,160671035,6203839212,0,0,0,-970591000,8277342485,0,13671261732,7565579745,-85365747533,-34896729972,1329284417,8672185642,412581339,970591000,340623133,-87300370497,-12087409020,-502792500,0,0,0,0,0,-12590201520,0,0,383252916682,-294088474520,0,0,0,89164442162,-10726129855,29010222375,0,18284092520
2012,4,1887759770,1735031654,0,0,0,-1870435608,8195409471,0,9947765287,33836560922,62018612323,-21228906647,-424487496,6991509648,40167759,1870435608,-775898304,92275759100,-2121091534,-498181500,0,0,0,0,0,-2619273034,0,0,363015398068,-398428707915,0,0,0,-35413309847,54243176219,18284092520,0,72527268739
2013,1,5601029055,5836725950,100000000,0,0,-1167569582,5868446435,0,16238631858,7302961713,33080534301,19148739420,-1675123662,6038732816,527719576,1167569582,280787780,82110553384,-2045623733,0,0,0,0,0,0,-2045623733,0,0,275898575320,-357599143094,0,-4630948016,0,-86331515790,-6266586139,72527268739,0,66260682600
2013,2,-1510111888,5287122503,172007815,0,0,592215152,4720232401,0,9261465983,-30477940217,-38799546658,-1709392061,1652872875,-16838031313,-2455696416,-843500694,-926377552,-81136146053,-3255363718,417000000,0,0,0,0,158354430,-2680009288,0,0,317145958434,-259182267611,0,837250798,0,58800941621,-25015213720,66260682600,0,41245468880
2013,3,-3297669727,5431298583,0,0,0,-1351727588,5104495942,0,5886397210,34115465513,2510773388,-22622162272,-531788434,4916957652,-842125682,2193853270,194072673,25821443318,-851432296,0,0,0,0,0,0,-851432296,0,0,334279292603,-350018415925,0,0,0,-15739123322,9230887700,41245468880,0,50476356580
2013,4,-205113080,3535231213,100000000,0,0,-451058459,4186494050,0,7165553724,-11018608642,-12855158513,-25785525007,-2089032976,3964710491,-9732020,460790479,-279433173,-40446435637,-4154090453,0,0,0,0,0,0,-4154090453,0,0,345287127369,-294786929550,0,0,0,50500197819,5899671729,50476356580,0,56376028309
2014,1,-4553035743,4691598321,0,0,0,-781190597,5127748521,0,4485120502,-81360395624,45368971795,4946560015,-1279661017,4798149965,0,630504129,137386509,-22273363726,-7807163769,120024000,0,0,0,0,30662468,-7656477301,0,0,381883153461,-394646021076,0,0,0,-12762867615,-42692708642,56376028309,0,13683319667
2014,2,5589711581,5342779182,0,271901139,0,668034781,3957668485,0,15830095168,-13664436582,38326935569,-8530249217,2348966343,-13995610248,0,731935368,-1613732714,19433903687,-2575009732,-120024000,0,0,0,0,23518584,-2671515148,0,0,406295799904,-430632917828,0,0,0,-24337117924,-7574729385,13683319667,0,6108590282
2014,3,-84900005,4688496902,0,0,0,-1414311650,5501426325,0,8690711572,50900894276,-93053447223,29299922435,1277212407,-4656798779,0,1284007805,-93948040,-6351445547,-924513806,0,0,0,0,0,19709400,-904804406,0,0,315555467019,-307259017051,0,0,0,8296449968,1040200015,6108590282,0,7148790297
2014,4,3729515479,2936655720,2135567867,0,0,-1323544014,3789192834,0,11267387886,42161244510,24861329627,-55947635375,1495231811,-3496765243,0,350348274,-32105425,20659036065,-1729035945,0,0,0,0,0,19555845,-1709480100,0,0,311917601069,-305932001337,0,0,0,5985599732,24935155697,7148790297,0,32083945994
2015,1,4089141943,4544923823,0,0,0,-463223655,6862736702,0,15033578813,-78779776512,26107047524,37196588390,700743238,-3577812060,466510280,446651222,-726964180,-3133433285,-2520820623,0,0,0,0,0,16572433,-2504248190,0,0,181314392156,-189648996111,0,0,0,-8334603955,-13972285430,32083945994,0,18111660564
2015,2,22403951352,4536635151,2234057727,-190868,0,422489725,-232088098,0,29364854989,64702245780,38203734995,11795916906,150970020,-3272392268,-1832631787,-440551222,645364180,139317511593,-1069660550,0,0,0,0,0,24161497,-1045499053,0,0,251878632387,-375084635867,0,-4343394285,0,-127549397765,10722614775,18111660564,190868,28834466207
2015,3,14177891125,4544689558,-10000000,0,0,998677999,4545829100,0,24257087782,12695720361,-19501460811,1460560736,141543240,-2546376492,-4948785018,253545455,-144000000,11667835253,1999002338,-1020505808,0,0,0,0,21827809,1000324339,0,0,231576042675,-243290849783,0,-133406198,0,-11848213306,819946286,28834466207,0,29654412493
2015,4,8164350947,4614190906,888723013,-310448,0,-62337441,-541510640,0,13063106337,121216296213,5498537912,-41719043902,-2029323370,-1463178006,-3119136048,9545455,-169297000,91287507591,-2661055454,21090000,0,0,0,0,41247441,-2598718013,0,0,150976570184,-198432277636,0,-18532240,0,-47474239692,41214549886,29654412493,310448,70869272827
2016,1,5148411184,9105557385,-903723013,93527,0,-42937415,1492712411,0,14800114079,-34206175401,81490489967,43219132856,2099034818,-492712411,-1915848983,9600000,-228580000,104775054925,-847400000,0,0,0,0,0,42937415,-804462585,0,0,51170621310,-137142144864,0,-10330590,0,-85981854144,17988738196,70869272827,-93527,88857917496
2016,2,22558224754,5116062021,2410000000,1948453,0,-881897946,-930415395,0,28273921887,-18019719148,-58864309238,-22405647551,-422523748,-106548448,-5229682237,0,-2009462000,-78783970483,-1872927647,67272728,0,0,0,0,814625218,-991029701,0,0,33621892700,-7093215800,0,-22332808395,0,4195868505,-75579131679,88857917496,-1948453,13276837364
2016,3,4433982746,4263536772,-2420000000,95784,0,-40645277,142588634,0,6379558659,22499911934,25968071696,21961768209,-113696201,-173260620,-311644951,0,-228500000,75982208726,-9938685259,0,0,0,0,0,40645277,-9898039982,0,0,33243942648,-59772619548,0,-155430165,0,-26684107065,39400061679,13276837364,-95784,52676803259
2016,4,5990135106,1960648340,132362738,-2345031,0,-597635962,89940035,0,7573105226,-15128494607,-4871088793,-25282155941,-2052442279,-57864978,-2086796549,0,-1226116500,-43131854421,-4966226566,216000000,0,0,0,0,381635962,-4368590604,0,0,41298369200,0,0,-20806995,0,41277562205,-6222882820,52676803259,2345031,46456265470
2017,1,21023897802,5942282025,-10000000,4440,0,16256085,582446597,0,27554886949,31013417711,-22661550011,11938124543,224813895,-446885825,-3038035740,0,-798850700,43785920822,-7600211955,162000000,0,0,0,0,34985122,-7403226833,0,0,46927034000,-68567870350,0,-34818037,0,-21675654387,14707039602,46456265470,-4440,61163300632
2017,2,8021003870,5798849050,3095000000,-30678,0,-201788343,788496882,0,17501530781,-77347049000,-7381542392,-4915338636,-241824140,-901210704,-1204779560,0,-1271800000,-75762013651,-2151771138,64400000,0,0,0,0,137388343,-1949982795,0,0,103313633500,-36332539000,0,-22584683677,0,44396410823,-33315585623,61163300632,30678,27847745687
2017,3,23540835803,5584510185,1595000000,25455,0,-348681710,249940998,0,30621630731,74008034190,1803631400,42691917680,2333935368,-304863005,-1604200774,0,-132000000,149418085590,-8212237808,0,0,0,0,0,348681710,-7863556098,0,0,0,-86638627350,0,-128881560,0,-86767508910,54787020582,27847745687,-25455,82634740814
2017,4,28260254547,6108457785,-4995213538,-10989,0,-2087582552,974623823,0,28260529076,-99460530197,12313750059,4855610122,-1047530104,-1000610604,-10326597209,0,-977209541,-67382588398,-6489808348,1928533000,0,0,0,0,193890461,-4367384887,0,0,132646855417,-84637276483,0,0,0,48009578934,-23740394351,82634740814,10989,58894357452
2018,1,21108053938,6352100563,1908300000,-36515,0,-112328660,1530872171,0,30786961497,4857021838,-52908481851,-373802164,-2680148536,-1558187198,-334155961,0,-366203959,-22576996334,-5607190487,0,0,0,0,0,112328660,-5494861827,0,0,172899104510,-180646954244,0,-35426925,0,-7783276659,-35855134820,58894357452,36515,23039259147
2018,2,8574950376,5594532075,2662309884,-35745,0,-16119328,1379281071,0,18194918333,5312316490,6082646687,-11775301202,-914752240,-1347973572,-4700000000,6000000,-2463005000,8394849496,-918288604,0,0,0,0,0,16119328,-902169276,0,0,188364440434,-154793051924,0,-44944003395,0,-11372614885,-3879934665,23039259147,35745,19159360227
2018,3,6088257257,5775999945,-569645657,-84635,0,-9706423,2087555084,0,13372375571,-114378091382,-95358717194,51834897746,-2026012803,-1924034451,-3080000000,0,-103000000,-151662582513,-1247511861,0,0,0,0,0,9706423,-1237805438,0,0,301989544550,-159094982390,0,-216414750,0,142678147410,-10222240541,19159360227,84635,8937204321
2018,4,4371217439,5374577000,-4755210973,-114844285,0,-9162858,3473500331,0,8340076654,89930412060,-80039892771,-63682215219,-993923082,-3406238408,0,0,-2342180000,-52193960766,-7058987109,0,0,0,0,0,9162858,-7049824251,0,0,341582438000,-282511489420,0,-9618750,0,59061329830,-182455187,8937204321,114844285,8869593419
2019,1,12135270224,5605629525,0,1873,0,-10145964,2624015925,0,20354771583,-9358102223,133292728557,-203239448541,30610982,-2739766984,-1184725755,0,-720256200,-63564188581,-32663757671,0,0,0,0,0,10145964,-32653611707,0,0,344036706050,-228585186720,0,-14712833585,0,100738685745,4520885457,8869593419,-1873,13390477003
2019,2,9721186089,5472368585,4182232717,77685355,0,729738040,3919065862,0,24102276648,-2766012731,-42328454626,204191642662,-3649491391,-3852678808,-3425000000,0,-1037159000,171235122754,-3990332776,0,0,0,0,0,6237152,-3984095624,0,0,196920677383,-337675565010,0,-30325073040,0,-171079960667,-3828933537,13390477003,12743711,9574287177
2019,3,3328636857,5874603068,1700837091,-81838060,0,26259100,4224259640,0,15072757696,-45999848569,-7982305900,16857908304,1368486705,-4188131101,0,0,-936100000,-25807232865,-1094258343,0,0,0,0,0,5137827,-1089120516,0,0,420053069623,-393071045226,0,-419725865,0,26562298532,-334054849,9574287177,-8591006,9231641322
2019,4,6567839481,5097248997,-5921450004,-9831728,0,-684828061,3271263906,0,8320242591,91648391360,12956403270,-61188133530,-5317994238,-3290589491,-840467580,0,-1351044000,40936808382,813905174,1634090909,0,0,0,0,6628061,2454624144,0,0,315948658080,-355468263600,0,-54888625,0,-39574494145,3816938381,9231641322,9831728,13058411431
2020,1,9871149981,5365593457,1945000000,0,0,-5433342,3807386677,0,20983696773,22482678041,-15344899955,53037296594,3163233200,-3274794993,-2199820590,0,-119952000,78727437070,-944585661,0,0,0,0,0,5433342,-939152319,0,0,269801933599,-345282845497,0,-115741825,0,-75596653723,2191631028,13058411431,0,15250042459
2020,2,6021821571,5265350770,717635648,185946391,0,-7118239,1787035647,0,13970671788,-26889016551,121382995595,-20771870907,1397072637,-2504922174,-1580000000,0,-1637567000,83367363388,-4239050746,0,0,0,0,0,7118239,-4231932507,0,0,221455047582,-281879606024,0,-22095601200,0,-82520159642,-3384728761,15250042459,-185946391,11679367307
2020,3,4694491776,5200289906,1645000000,-183803120,0,16503941,1173212844,0,12545695347,11346376101,68940325246,7596582277,222715749,-1240339207,0,0,-783439000,98627916513,-1185678772,0,0,0,0,0,6675069,-1179003703,0,0,138160499930,-225730133340,0,-411042295,0,-87980675705,9468237105,11679367307,0,21147604412
