Year,Quarter,1. Sales,2. Sales deductions,3. Net sales,4. Cost of sales,5. Gross Profit,6. Financial income,7. of which: interest expenses,Interest expenses,8.Selling expenses,9. General and admin expenses,10 Operating profit/(loss),11. Other incomes,12. Other expenses,13. Net other income/(expenses),13b. Venture company profit/(loss),14. Net accounting profit/(loss) before tax,15. Business income tax - current,16. Business income tax - deferred,17. Business income tax expenses,18. Net profit/(loss) after tax,19. Minority Interests,20. Attributable to parent company,21. EPS Basis,22. EPS Diluted
2009,4,39849520996,0,39849520996,-52502910460,-12653389464,493685042,-9805624246,-3517298084,-401728387,-9949124040,-32316181095,3276476834,-864770705,2411706129,0,-29904474966,0,0,0,-29904474966,0,-29904474966,0,0
2010,1,34345291394,0,34345291394,-49395224552,-15049933158,3952442110,-7624122171,-4009958360,-406505147,-5712168408,-24840286774,35882100736,-63546460797,-27664360061,0,-52504646835,-4727106,0,-4727106,-52509373941,0,-52509373941,0,0
2010,2,34603351359,0,34603351359,-43050310817,-8446959458,279134553,-7488670379,-2524965965,-545972584,-8569908385,-24772376253,115753506411,-102333584786,13419921625,0,-11352454628,-65349852,0,-65349852,-11417804480,0,-11417804480,0,0
2010,3,32132872787,0,32132872787,-26296131237,5836741550,3161857314,-3564650723,-2434271356,-176194798,-5972563382,-714810039,2624282268,-717072352,1907209916,0,1192399877,-7122539,0,-7122539,1185277338,0,1185277338,0,0
2010,4,29601831196,0,29601831196,-23317012628,6284818568,19169098679,-627351348,-1280702926,-349376440,-6041497783,18435691676,1735096185,-512731201,1222364984,-529438695,19128617965,-49266230,0,-49266230,19079351735,147794793,18931556942,0,0
2011,1,29766941384,0,29766941384,-24104281911,5662659473,5180362522,-2700279661,-1711412757,-337672850,-5810005187,1995064297,203754545,-49153472,154601073,-597175440,1552489930,-1274095,0,-1274095,1551215835,569349773,981866062,0,0
2011,2,34359011374,0,34359011374,-27312583329,7046428045,745597449,-2517516186,-2054115656,-418369618,-5950446450,-1094306760,890310910,-348602769,541708141,2128747705,1576149086,-206464668,0,-206464668,1369684418,364640661,1005043757,0,0
2011,3,32748747249,0,32748747249,-27344724715,5404022534,985035960,-2673513796,-1765151926,-353313403,-5148745156,-1786513861,29541158,-87559880,-58018722,2653026651,808494068,-178377822,0,-178377822,630116246,66732370,563383876,0,0
2011,4,29415928132,0,29415928132,-24933792842,4482135290,1788665085,-9877218890,-1650187137,-450704566,-2960699318,-7017822399,11970329547,-9474178579,2496150968,1660905827,-2860765604,231840738,0,231840738,-2628924866,-6498620,-2622426246,0,0
2012,1,22089214070,0,22089214070,-18919770538,3169443532,409296808,-1583408759,-1514270130,-320822610,-4551821113,-2877312142,1565170533,-2612256669,-1047086136,5050142761,1125744483,-158478206,0,-158478206,967266277,176012668,791253609,0,0
2012,2,22977744619,0,22977744619,-18628819928,4348924691,881738441,-2359210549,-1354689544,-346143320,-4034371472,-1509062209,1123757694,-178420621,945337073,3352938489,2789213353,-100790005,0,-100790005,2688423348,283236216,2405187132,0,0
2012,3,21420551470,0,21420551470,-17645674613,3774876857,377846065,-1277009969,-1241482216,-345270391,-4023088693,-1492646131,345353829,-1739535743,-1394181914,6135229357,3248401312,-148352923,0,-148352923,3100048389,264102712,2835945677,0,0
2012,4,53404032648,0,53404032648,-50869136121,2534896527,1077632199,-3084611010,-1040079153,-125559789,-6792530318,-6390172391,1492413918,-342866071,1149547847,2604374428,-2636250116,-22561765,0,-22561765,-2658811881,256531170,-2915343051,0,0
2013,1,22258511135,0,22258511135,-19536739369,2721771766,311260542,-1216492969,-1177319828,-122780470,-3309277068,-1615518199,497767418,-131032611,366734807,4857062282,3608278890,-117882351,0,-117882351,3490396539,186478091,3303918448,0,0
2013,2,9540504834,0,9540504834,-6272663532,3267841302,511299531,-862713827,-486125600,-105495877,-4336868547,-1525937418,1996807320,-922561349,1074245971,5439280229,4987588782,-72642665,0,-72642665,4914946117,657579257,4257366860,0,0
2013,3,14202245433,0,14202245433,-10166757357,4035488076,436904707,-942979945,-829174426,-168989804,-4651997346,-1291574312,2057175688,-2759789649,-702613961,6028352084,4034163811,-314961864,0,-314961864,3719201947,477735242,3241466705,0,0
2013,4,17831133800,0,17831133800,-13193969380,4637164420,627222551,-1718525009,-871350840,-509526636,-5189002788,-2152667462,1632729788,-1169520970,463208818,8803662840,7114204196,-283938634,0,-283938634,6830265562,1991505311,4838760251,0,0
2014,1,17907428056,0,17907428056,-12628929973,5278498083,7079605890,-666264593,-575557045,-130410968,-4865930938,6695497474,7180440284,-1940819250,5239621034,1417721279,13352839787,-453668883,0,-453668883,12899170904,915048422,11984122482,0,0
2014,2,22988397996,0,22988397996,-15859571297,7128826699,2628329043,-638177559,-452705556,-179716558,-5370562743,3568698882,37996428,-87345889,-49349461,6066916122,9586265543,-848824285,0,-848824285,8737441258,1303592563,7433848695,0,0
2014,3,19376600951,0,19376600951,-14973955632,4402645319,2527663494,-464452175,-430541668,-238800653,-7053886238,-826830253,51275560743,-16402132670,34873428073,6977727338,41024325158,-21440733,0,-21440733,41002884425,-466619169,41469503594,0,0
2014,4,9439991150,0,9439991150,-9052209280,387781870,13063081086,-485291665,-484388887,0,-8691219268,4274352023,0,-4166453,-4166453,5927648979,10197834549,-20510503,0,-20510503,10177324046,0,10177324046,0,0
2015,1,7393737496,0,7393737496,-6381365246,1012372250,3236469068,-2108977446,-553781863,0,-455891806,1683972066,0,-96913268,-96913268,9110713466,10697772264,-121970275,0,-121970275,10575801989,0,10575801989,0,0
2015,2,25992449869,0,25992449869,-25210176580,782273289,-312316797,-4613108138,-6168303721,0,-3132050701,3217988285,897079645,3599286775,4496366420,0,7714354705,-886258483,0,-886258483,6828096222,0,6828096222,0,0
2015,3,17061454383,0,17061454383,-14086204136,2975250247,1279958595,-1492665712,-38445712,0,-1257423774,13396370104,456000,-127460723,-127004723,0,13269365381,-454790669,0,-454790669,12814574712,0,12814574712,0,0
2015,4,17571649265,0,17571649265,-15604323849,1967325416,40243399782,-5515280570,-181774064,0,-2071128006,49770039141,0,0,0,0,49770039141,-2995445861,0,-2995445861,46774593280,0,46774593280,0,0
2016,1,9242583581,0,9242583581,-8425941404,816642177,66298108270,-7337599801,-195032820,0,-1911365588,57608366171,0,0,0,0,57608366171,-17081827306,0,-17081827306,40526538865,0,40526538865,0,0
2016,2,24314030092,0,24314030092,-20422014601,3892015491,21621161640,-15343659824,-461109509,0,-2296228652,7627307421,0,-1143694,-1143694,0,7626163727,-1674801347,0,-1674801347,5951362380,0,5951362380,0,0
2016,3,11094057757,0,11094057757,-10018811460,1075246297,26018428207,3524643240,-666801375,-3830909,-1896590507,27997954341,0,-602052,-602052,0,27997352289,-5743475842,0,-5743475842,22253876447,0,22253876447,0,0
2016,4,27275391460,0,27275391460,-23899545332,3375846128,13735415161,-26959694805,-951484127,0,-2075161205,-12041240648,629363458,-47079261,582284197,0,-11458956451,2598425509,0,2598425509,-8860530942,0,-8860530942,0,0
2017,1,18801417182,0,18801417182,-16945277355,1856139827,6206972778,929461205,-625974459,0,-1639196253,7298703882,3721580,0,3721580,0,7302425462,-1304270225,0,-1304270225,5998155237,0,5998155237,0,0
2017,2,22419066344,0,22419066344,-19942411816,2476654528,7623253646,-3774598503,-467555967,0,-2277484939,3946384262,219822026,-33069156,186752870,0,4133137132,-637112593,0,-637112593,3496024539,0,3496024539,0,0
2017,3,14823936961,0,14823936961,-13458422127,1365514834,9661969761,-4175470048,-3165945294,0,-2071011651,4288227775,5219856,0,5219856,0,4293447631,-957244550,0,-957244550,3336203081,0,3336203081,0,0
2017,4,14358655022,0,14358655022,-13270700882,1087954140,7317448292,-6215966176,-2792110714,0,-1904972769,-258110030,0,-425021,-425021,0,-258535051,-80740681,0,-80740681,-339275732,0,-339275732,0,0
2018,1,12624892874,0,12624892874,-11956941557,667951317,36568286759,-20061625052,-3673419331,0,-1865061954,15462788398,0,-14579600,-14579600,0,15448208798,-3088950634,0,-3088950634,12359258164,0,12359258164,0,0
2018,2,14581159514,0,14581159514,-14014037294,567122220,26742843228,-10777544802,-2938592349,0,-1682423647,13825506102,0,0,0,0,13825506102,-2107608023,0,-2107608023,11717898079,0,11717898079,0,0
2018,3,14864699620,0,14864699620,-14407070520,457629100,14344864126,10286911705,-2809860519,0,-1567279644,22814495853,0,-2918437,-2918437,0,22811577416,-3413121704,0,-3413121704,19398455712,0,19398455712,0,0
2018,4,12854731810,0,12854731810,-12468149824,386581986,4903898580,-11405559453,-3215453703,0,-1701067488,-8506299863,4454545,-1200000,3254545,0,-8503045318,1666761475,-100835264,1565926211,-6937119107,0,-6937119107,0,0
2019,1,9844582178,0,9844582178,-9317641397,526940781,5927114808,-9767501549,-6178378036,0,-1512884145,-4688545642,1311765673,-1397453297,-85687624,0,-4774233266,-48076715,0,-48076715,-4822309981,0,-4822309981,0,0
2019,2,8169118927,0,8169118927,-7768238551,400880376,19859138497,-9250340499,-6520185811,0,-1458965710,9426745852,1245751881,1246401544,2492153425,0,11918899277,-1082075029,2763530,-1079311499,10839587778,0,10839587778,0,0
2019,3,7612970530,0,7612970530,-7469882041,143088489,6057592932,-9906294981,-3594047747,0,-1895229096,-5823332738,27272727,-120000,27152727,0,-5796180011,993802799,-44498016,949304783,-4846875228,0,-4846875228,0,0
2019,4,7810126766,0,7810126766,-7585246440,224880326,28258731210,-10661377466,-4723254156,0,-1645065972,16395964852,27272727,-19182515,8090212,0,16404055064,-5345578264,13340098,-5332238166,11071816898,0,11071816898,0,0
2020,1,8190740980,0,8190740980,-7965208796,225532184,3103705593,-128522158651,-5922944246,0,-1508947802,-126701868676,27273327,-190365405,-163092078,0,-126864960754,-4721059,0,-4721059,-126869681813,0,-126869681813,0,0
2020,2,5967368329,0,5967368329,-5890006533,77361796,4622349584,47364661983,-7114750925,0,-3016568077,49380197034,1358904717,-50000,1358854717,0,50739051751,-237059884,-1706141360,-1943201244,48795850507,0,48795850507,0,0
2020,3,4495818769,0,4495818769,-4436699999,59118770,55426863981,10766975422,-10068036352,0,-2759300547,63435126050,0,-250658,-250658,0,63434875392,-1701554199,1760913394,59359195,63494234587,152291437,63341943150,0,0
