Year,Quarter,1. Sales,2. Sales deductions,3. Net sales,4. Cost of sales,5. Gross Profit,6. Financial income,7. of which: interest expenses,Interest expenses,8.Selling expenses,9. General and admin expenses,10 Operating profit/(loss),11. Other incomes,12. Other expenses,13. Net other income/(expenses),13b. Venture company profit/(loss),14. Net accounting profit/(loss) before tax,15. Business income tax - current,16. Business income tax - deferred,17. Business income tax expenses,18. Net profit/(loss) after tax,19. Minority Interests,20. Attributable to parent company,21. EPS Basis,22. EPS Diluted
2009,4,53172670466,0,53172670466,-44162905425,9009765041,3247258497,-600000000,0,0,-4571139557,7085883981,60545,0,60545,0,7085944526,-24200948,0,-24200948,7061743578,0,7061743578,0,0
2010,1,39898769490,0,39898769490,-34515237532,5383531958,2334362580,-5666700,-5666700,0,-1768205688,5944022150,0,-11275539,-11275539,1980000000,7912746611,-213092154,0,-213092154,7699654457,0,7699654457,0,0
2010,2,50530302394,0,50530302394,-41898857871,8631444523,4052303983,-11666700,-11666700,0,-2090353233,10581728573,0,-250266907,-250266907,-1980000000,8351461666,-140905500,0,-140905500,8210556166,-16309290,8226865456,1062,0
2010,3,74940284333,0,74940284333,-63091532355,11848751978,5485645298,0,0,0,-2178155180,15156242096,285000000,-34577762,250422238,0,15406664334,-581456107,0,-581456107,14825208227,0,14825208227,0,0
2010,4,60282194400,0,60282194400,-48760066676,11522127724,12603476733,-750000000,0,0,-6646803065,16728801392,5840000,20000000,25840000,0,16754641392,-1396877197,0,-1396877197,15357764195,0,15357764195,0,0
2011,1,7394031293,0,7394031293,-5578102845,1815928448,16096008097,0,0,0,-3715034061,14196902484,375000000,-125925,374874075,0,14571776559,-1692944140,0,-1692944140,12878832419,0,12878832419,0,0
2011,2,238361947231,0,238361947231,-144016074362,94345872869,3226112438,0,0,0,-5520892352,92051092955,2221,-397178229,-397176008,0,91653916947,-26009756166,0,-26009756166,65644160781,38286942613,27357218168,0,0
2011,3,73232152609,0,73232152609,-62587396748,10644755861,4209640204,0,0,0,-4588363291,10266032774,0,-32250000,-32250000,0,10233782774,-419995456,0,-419995456,9813787318,0,9813787318,0,0
2011,4,21812075093,0,21812075093,-30484638663,-8672563570,0,-75395389,-75395389,0,-8628686359,-17376645318,0,-6150682,-6150682,0,-17382796000,0,0,0,-17382796000,-7178508166,-10204287834,0,0
2012,1,39846799358,0,39846799358,-32547623788,7299175570,1169377326,0,0,0,-4569239653,3899313243,0,-2750000,-2750000,0,3896563243,-977718967,0,-977718967,2918844276,-7013186,2925857462,0,0
2012,2,-25027361323,0,-25027361323,17798934495,-7228426828,13579142929,-1947212662,-1402290387,0,707910978,5111414417,0,0,0,0,5111414417,-1274275448,0,-1274275448,3837138969,7013186,3830125783,0,0
2012,3,787554366,0,787554366,-708798929,78755437,1397754227,-2071299529,0,0,-1986550165,-2581340030,0,0,0,0,-2581340030,0,0,0,-2581340030,0,-2581340030,0,0
2012,4,782635454,0,782635454,-758252433,24383021,1808342828,-2123107343,0,0,-3528979171,-3819360665,61091,-241959760,-241898669,0,-4061259334,0,0,0,-4061259334,0,-4061259334,0,0
2013,1,412288527,0,412288527,0,412288527,16477656,0,0,0,-2013334137,-1584567954,0,-58570000,-58570000,0,-1643137954,0,0,0,-1643137954,0,-1643137954,0,0
2013,2,375840306,0,375840306,0,375840306,37850560,-750000000,0,0,-1912412015,-2248721149,0,-6,-6,0,-2248721155,0,0,0,-2248721155,0,-2248721155,0,0
2013,3,305369436,0,305369436,0,305369436,13799903,0,0,0,-2066358238,-1747188899,0,0,0,0,-1747188899,0,0,0,-1747188899,0,-1747188899,0,0
2013,4,36069563530,0,36069563530,-25363007412,10706556118,3001226442,-3898776799,0,0,-1816251194,7992754567,1065046,0,1065046,0,7993819613,0,0,0,7993819613,0,7993819613,0,0
2014,4,59995609010,0,59995609010,-50025566040,9970042970,1106081924,0,0,0,-2393228488,8682896406,9177483,0,9177483,0,8692073889,-644674769,0,-644674769,8047399120,0,8047399120,0,0
2015,1,432431333,0,432431333,-369508113,62923220,383328498,0,0,0,-1576986028,-1130734310,0,-25000000,-25000000,0,-1155734310,0,0,0,-1155734310,0,-1155734310,0,0
2015,2,624295732,0,624295732,-524072657,100223075,580774114,0,0,0,-1614824926,-933827737,0,0,0,0,-933827737,0,0,0,-933827737,0,-933827737,-104,0
2015,3,491381490,0,491381490,-404143527,87237963,551149274,0,0,0,-1752395959,-1114008722,12400000,0,12400000,0,-1101608722,0,0,0,-1101608722,0,-1101608722,0,0
2015,4,134500127458,0,134500127458,-107527256173,26972871285,214556417,0,0,0,-4762369289,22425058413,159529888,-6000001,153529887,0,22578588300,-1132054865,0,-1132054865,21446533435,0,21446533435,0,0
2016,1,830865296,0,830865296,-736977569,93887727,462821696,0,0,0,-2017176093,-1460466670,2850000,0,2850000,0,-1457616670,0,0,0,-1457616670,0,-1457616670,0,0
2016,2,328150008,0,328150008,-218285478,109864530,15318897,0,0,0,-2461858138,-2336674711,550000,-3611902,-3061902,0,-2339736613,0,0,0,-2339736613,0,-2339736613,-190,0
2016,3,2945682932,0,2945682932,-2318298048,627384884,21882885,0,0,0,-2786743837,-2137476068,550000,0,550000,0,-2136926068,0,0,0,-2136926068,0,-2136926068,0,0
2016,4,16436808096,0,16436808096,-2194366238,14242441858,1862968271,0,0,0,-3316627231,12788782898,109605454,-59659093,49946361,0,12838729259,-500446527,0,-500446527,12338282732,0,12338282732,0,0
2017,1,8811472705,0,8811472705,-7452482280,1358990425,326855368,-114295844,-114295844,0,-658308408,913241541,350000,-140019,209981,0,913451522,-245542364,0,-245542364,667909158,0,667909158,0,0
2017,2,363195385,0,363195385,-191759842,171435543,523194931,-92080371,-92080371,0,-1194889496,-592339393,150000,-362713,-212713,0,-592552106,-70879,0,-70879,-592622985,0,-592622985,0,0
2017,3,2873937962,0,2873937962,-2497189435,376748527,595828438,0,0,0,-948386093,24190872,0,-60000000,-60000000,0,-35809128,-54507,0,-54507,-35863635,0,-35863635,0,0
2017,4,2996444215,0,2996444215,-2150444718,845999497,1028389156,0,0,0,-1742509867,131878786,325699087,-26030073,299669014,0,431547800,-86309560,0,-86309560,345238240,0,345238240,0,0
2018,1,779745852,0,779745852,-645518112,134227740,327341079,0,0,0,-3831119570,-3369550751,0,0,0,0,-3369550751,-78728,0,-78728,-3369629479,0,-3369629479,0,0
2018,2,1195207436,0,1195207436,-931912974,263294462,160580523,0,0,0,-4297913343,-3874038358,0,-2200000,-2200000,0,-3876238358,-84902,0,-84902,-3876323260,0,-3876323260,0,0
2018,3,140263549427,0,140263549427,-119286028953,20977520474,267186023,0,0,0,-4074969297,17169737200,500000,-9463578,-8963578,0,17160773622,-3432154725,0,-3432154725,13728618897,0,13728618897,0,0
2018,4,256332307122,0,256332307122,-198660672177,57671634945,106624153,0,0,0,-6913185286,50865073812,206955056,-50740739,156214317,0,51021288129,-10766020840,0,-10766020840,40255267289,0,40255267289,0,0
2019,1,27937968854,0,27937968854,-21974919865,5963048989,13769312,0,0,0,-2861398664,3115419637,283677008,0,283677008,0,3399096645,-679819329,0,-679819329,2719277316,0,2719277316,0,0
2019,2,47869836248,0,47869836248,-35959795137,11910041111,14454088,-12645081,0,0,-4083793365,7835279015,0,0,0,0,7835279015,-1870490367,0,-1870490367,5964788648,0,5964788648,445,0
2019,3,15688605528,0,15688605528,-11869545532,3819059996,653427560,0,0,0,-3190808561,1281678995,0,0,0,0,1281678995,-256335799,0,-256335799,1025343196,0,1025343196,0,0
2019,4,33304086900,0,33304086900,-23577798884,9726288016,3365185,0,0,0,-2986016665,6743636536,2920,0,2920,0,6743639456,-1348727891,0,-1348727891,5394911565,0,5394911565,0,0
2020,1,2455153015,0,2455153015,-984157129,1470995886,321213016,0,0,0,-2311656529,-519447627,102113088,0,102113088,0,-417334539,0,0,0,-417334539,0,-417334539,0,0
2020,2,1567121891,0,1567121891,-1353115554,214006337,4555135,-3143836,0,2311656529,-4408998591,-1881924426,10565126583,-4945454545,5619672038,0,3737747612,-464857830,0,-464857830,3272889782,0,3272889782,0,0
2020,3,1548240555,0,1548240555,-731198950,817041605,432969816,-2561644,-2561644,0,-3360275383,-2112825606,0,0,0,0,-2112825606,0,0,0,-2112825606,0,-2112825606,0,0
